4.200000000000000000e+01 1.070000000000000000e+02 1.000000000000000000e+00 1.144999999999956373e+02 1.350000000000000533e+00
5.500000000000000000e+01 6.700000000000000000e+01 1.000000000000000000e+00 5.309500000000648470e+02 6.500000000000000222e-01
8.100000000000000000e+01 1.100000000000000000e+02 1.000000000000000000e+00 5.549999999999988276e+00 2.349999999999999645e+00
1.260000000000000000e+02 5.300000000000000000e+01 1.000000000000000000e+00 1.046999999999961943e+02 2.849999999999997868e+00
1.860000000000000000e+02 9.400000000000000000e+01 1.000000000000000000e+00 3.615000000000008384e+01 1.100000000000000311e+00
1.340000000000000000e+02 1.340000000000000000e+02 1.000000000000000000e+00 3.808500000000523187e+02 1.550000000000000711e+00
2.020000000000000000e+02 1.100000000000000000e+02 1.000000000000000000e+00 5.399999999999988809e+00 1.050000000000000266e+00
2.050000000000000000e+02 7.000000000000000000e+01 1.000000000000000000e+00 5.600500000000383807e+02 1.150000000000000355e+00
1.150000000000000000e+02 1.010000000000000000e+02 1.000000000000000000e+00 1.237499999999951115e+02 1.500000000000000666e+00
1.970000000000000000e+02 9.800000000000000000e+01 1.000000000000000000e+00 1.044499999999962085e+02 4.649999999999991473e+00
1.440000000000000000e+02 4.000000000000000000e+01 1.000000000000000000e+00 1.506500000000000057e+02 7.500000000000001110e-01
1.740000000000000000e+02 1.560000000000000000e+02 1.000000000000000000e+00 3.021000000000344130e+02 3.999999999999999667e-01
1.080000000000000000e+02 4.700000000000000000e+01 1.000000000000000000e+00 4.185500000000608907e+02 9.500000000000002887e-01
1.560000000000000000e+02 1.410000000000000000e+02 1.000000000000000000e+00 1.157999999999955634e+02 1.500000000000000222e-01
5.200000000000000000e+01 1.420000000000000000e+02 1.000000000000000000e+00 3.642500000000485443e+02 5.999999999999999778e-01
6.800000000000000000e+01 1.100000000000000000e+02 1.000000000000000000e+00 3.145000000000372324e+02 2.849999999999997868e+00
1.030000000000000000e+02 1.410000000000000000e+02 1.000000000000000000e+00 2.710500000000273531e+02 1.450000000000000622e+00
4.200000000000000000e+01 4.200000000000000000e+01 1.000000000000000000e+00 4.051500000000578439e+02 1.900000000000001021e+00
6.800000000000000000e+01 1.580000000000000000e+02 1.000000000000000000e+00 1.468999999999991530e+02 1.450000000000000622e+00
1.980000000000000000e+02 1.420000000000000000e+02 1.000000000000000000e+00 3.799999999999994493e+00 5.999999999999999778e-01
1.370000000000000000e+02 1.730000000000000000e+02 1.000000000000000000e+00 2.260000000000171383e+02 3.999999999999999667e-01
4.300000000000000000e+01 1.760000000000000000e+02 1.000000000000000000e+00 1.245999999999950631e+02 9.500000000000002887e-01
4.600000000000000000e+01 3.800000000000000000e+01 1.000000000000000000e+00 2.300000000000180478e+02 5.499999999999999334e-01
1.180000000000000000e+02 1.440000000000000000e+02 1.000000000000000000e+00 2.170000000000017337e+01 2.699999999999998401e+00
3.700000000000000000e+01 7.700000000000000000e+01 1.000000000000000000e+00 8.984999999999703846e+01 6.449999999999985079e+00
4.300000000000000000e+01 1.390000000000000000e+02 1.000000000000000000e+00 2.849500000000305135e+02 4.099999999999993427e+00
1.660000000000000000e+02 2.030000000000000000e+02 1.000000000000000000e+00 1.352499999999965041e+02 8.000000000000001554e-01
9.500000000000000000e+01 5.500000000000000000e+01 1.000000000000000000e+00 6.089999999999867697e+01 2.999999999999997335e+00
1.870000000000000000e+02 1.010000000000000000e+02 1.000000000000000000e+00 4.249999999999972289e+01 2.549999999999998934e+00
1.750000000000000000e+02 1.020000000000000000e+02 1.000000000000000000e+00 1.430000000000006821e+01 3.549999999999995381e+00
1.180000000000000000e+02 1.510000000000000000e+02 1.000000000000000000e+00 3.384000000000426667e+02 4.299999999999992717e+00
1.120000000000000000e+02 6.700000000000000000e+01 1.000000000000000000e+00 2.264000000000172292e+02 1.000000000000000222e+00
6.800000000000000000e+01 1.290000000000000000e+02 1.000000000000000000e+00 4.333000000000642444e+02 1.100000000000000311e+00
9.500000000000000000e+01 1.500000000000000000e+02 1.000000000000000000e+00 1.434999999999983800e+02 1.900000000000001021e+00
1.750000000000000000e+02 7.100000000000000000e+01 1.000000000000000000e+00 1.572500000000015064e+02 3.349999999999996092e+00
1.320000000000000000e+02 1.690000000000000000e+02 1.000000000000000000e+00 3.241000000000394152e+02 1.450000000000000622e+00
1.190000000000000000e+02 1.750000000000000000e+02 1.000000000000000000e+00 6.393499999999662577e+02 1.050000000000000266e+00
1.400000000000000000e+02 1.920000000000000000e+02 1.000000000000000000e+00 5.556000000000424279e+02 1.400000000000000577e+00
1.010000000000000000e+02 1.160000000000000000e+02 1.000000000000000000e+00 3.089000000000359591e+02 9.000000000000002442e-01
6.000000000000000000e+01 1.130000000000000000e+02 1.000000000000000000e+00 6.849499999999247848e+02 9.000000000000002442e-01
3.700000000000000000e+01 1.320000000000000000e+02 1.000000000000000000e+00 6.729999999999356532e+02 4.999999999999999445e-01
4.100000000000000000e+01 6.200000000000000000e+01 1.000000000000000000e+00 8.949999999999992184e+00 9.000000000000002442e-01
1.850000000000000000e+02 9.100000000000000000e+01 1.000000000000000000e+00 4.699999999999991296e+00 1.350000000000000533e+00
5.100000000000000000e+01 7.300000000000000000e+01 1.000000000000000000e+00 1.700500000000044167e+02 3.199999999999996625e+00
1.050000000000000000e+02 8.700000000000000000e+01 1.000000000000000000e+00 4.100000000000589466e+02 1.800000000000000933e+00
6.100000000000000000e+01 1.890000000000000000e+02 1.000000000000000000e+00 9.409999999999679687e+01 2.150000000000000355e+00
4.600000000000000000e+01 1.140000000000000000e+02 1.000000000000000000e+00 2.099500000000134889e+02 9.500000000000002887e-01
1.460000000000000000e+02 1.950000000000000000e+02 1.000000000000000000e+00 2.589500000000246018e+02 3.999999999999999667e-01
8.900000000000000000e+01 1.700000000000000000e+02 1.000000000000000000e+00 4.092000000000587647e+02 1.050000000000000266e+00
1.650000000000000000e+02 1.540000000000000000e+02 1.000000000000000000e+00 2.240000000000018332e+01 5.499999999999999334e-01
1.710000000000000000e+02 4.000000000000000000e+01 1.000000000000000000e+00 2.617000000000252271e+02 3.449999999999995737e+00
1.650000000000000000e+02 8.900000000000000000e+01 1.000000000000000000e+00 2.186500000000154671e+02 1.450000000000000622e+00
6.400000000000000000e+01 1.070000000000000000e+02 1.000000000000000000e+00 1.255999999999950063e+02 5.499999999999999334e-01
5.100000000000000000e+01 9.900000000000000000e+01 1.000000000000000000e+00 4.590000000000700879e+02 2.999999999999999889e-01
1.670000000000000000e+02 1.300000000000000000e+02 1.000000000000000000e+00 5.847500000000159162e+02 5.999999999999999778e-01
1.900000000000000000e+02 7.600000000000000000e+01 1.000000000000000000e+00 1.490000000000007674e+01 4.499999999999999556e-01
1.940000000000000000e+02 1.970000000000000000e+02 1.000000000000000000e+00 1.336499999999332204e+03 1.200000000000000400e+00
1.900000000000000000e+02 9.000000000000000000e+01 1.000000000000000000e+00 3.239000000000393698e+02 3.999999999999999667e-01
8.200000000000000000e+01 1.360000000000000000e+02 1.000000000000000000e+00 1.301999999999953559e+02 5.999999999999999778e-01
6.700000000000000000e+01 1.530000000000000000e+02 1.000000000000000000e+00 3.081000000000357772e+02 2.299999999999999822e+00
1.300000000000000000e+02 1.840000000000000000e+02 1.000000000000000000e+00 3.375000000000022027e+01 1.550000000000000711e+00
1.030000000000000000e+02 1.740000000000000000e+02 1.000000000000000000e+00 1.684000000000040416e+02 1.850000000000000977e+00
1.140000000000000000e+02 8.300000000000000000e+01 1.000000000000000000e+00 2.574000000000242494e+02 1.800000000000000933e+00
1.050000000000000000e+02 1.310000000000000000e+02 1.000000000000000000e+00 1.335000000000005471e+01 3.749999999999994671e+00
8.700000000000000000e+01 1.440000000000000000e+02 1.000000000000000000e+00 3.032500000000346745e+02 4.999999999999990230e+00
1.610000000000000000e+02 9.300000000000000000e+01 1.000000000000000000e+00 7.060499999999055944e+02 5.049999999999990052e+00
5.800000000000000000e+01 1.930000000000000000e+02 1.000000000000000000e+00 4.678000000000720888e+02 4.999999999999999445e-01
1.690000000000000000e+02 1.600000000000000000e+02 1.000000000000000000e+00 8.059999999999756426e+01 1.350000000000000533e+00
1.710000000000000000e+02 1.490000000000000000e+02 1.000000000000000000e+00 3.128000000000368459e+02 4.999999999999999445e-01
1.170000000000000000e+02 7.200000000000000000e+01 1.000000000000000000e+00 2.899500000000316504e+02 1.300000000000000488e+00
1.830000000000000000e+02 1.940000000000000000e+02 1.000000000000000000e+00 1.583000000000017451e+02 9.500000000000002887e-01
1.550000000000000000e+02 1.230000000000000000e+02 1.000000000000000000e+00 6.375999999999678494e+02 2.500000000000000000e-01
1.990000000000000000e+02 1.290000000000000000e+02 1.000000000000000000e+00 3.992000000000564910e+02 2.100000000000000533e+00
6.700000000000000000e+01 1.570000000000000000e+02 1.000000000000000000e+00 7.540499999998619387e+02 1.450000000000000622e+00
8.900000000000000000e+01 5.300000000000000000e+01 1.000000000000000000e+00 3.465500000000445198e+02 2.449999999999999289e+00
8.200000000000000000e+01 4.800000000000000000e+01 1.000000000000000000e+00 3.808500000000523187e+02 3.499999999999999778e-01
1.020000000000000000e+02 1.770000000000000000e+02 1.000000000000000000e+00 1.656000000000034049e+02 2.000000000000000888e+00
1.190000000000000000e+02 8.200000000000000000e+01 1.000000000000000000e+00 4.994000000000792738e+02 1.550000000000000711e+00
1.950000000000000000e+02 1.160000000000000000e+02 1.000000000000000000e+00 5.299999999999912603e+01 5.499999999999999334e-01
1.600000000000000000e+02 1.360000000000000000e+02 1.000000000000000000e+00 2.277000000000175248e+02 6.500000000000000222e-01
1.530000000000000000e+02 4.700000000000000000e+01 1.000000000000000000e+00 1.590000000000019043e+02 1.100000000000000311e+00
1.050000000000000000e+02 4.600000000000000000e+01 1.000000000000000000e+00 4.171500000000605723e+02 1.550000000000000711e+00
1.840000000000000000e+02 1.630000000000000000e+02 1.000000000000000000e+00 4.247500000000623004e+02 1.600000000000000755e+00
1.260000000000000000e+02 1.290000000000000000e+02 1.000000000000000000e+00 2.870500000000309910e+02 2.200000000000000178e+00
1.580000000000000000e+02 6.300000000000000000e+01 1.000000000000000000e+00 1.783049999998926069e+03 1.650000000000000799e+00
1.700000000000000000e+02 1.250000000000000000e+02 1.000000000000000000e+00 5.344000000000617092e+02 1.450000000000000622e+00
9.800000000000000000e+01 1.640000000000000000e+02 1.000000000000000000e+00 1.724500000000049624e+02 2.999999999999997335e+00
1.490000000000000000e+02 1.180000000000000000e+02 1.000000000000000000e+00 4.622000000000708155e+02 1.350000000000000533e+00
1.550000000000000000e+02 1.480000000000000000e+02 1.000000000000000000e+00 7.604499999998561179e+02 4.999999999999999445e-01
1.420000000000000000e+02 1.110000000000000000e+02 1.000000000000000000e+00 4.875500000000765795e+02 4.499999999999999556e-01
1.880000000000000000e+02 2.040000000000000000e+02 1.000000000000000000e+00 2.612500000000251248e+02 3.499999999999999778e-01
5.100000000000000000e+01 8.800000000000000000e+01 1.000000000000000000e+00 6.829999999999826343e+01 2.999999999999999889e-01
1.790000000000000000e+02 8.400000000000000000e+01 1.000000000000000000e+00 3.580000000000471232e+02 7.000000000000000666e-01
8.800000000000000000e+01 1.820000000000000000e+02 1.000000000000000000e+00 6.649999999999984368e+00 7.500000000000001110e-01
1.680000000000000000e+02 1.900000000000000000e+02 1.000000000000000000e+00 7.482499999998672138e+02 1.650000000000000799e+00
3.800000000000000000e+01 1.270000000000000000e+02 1.000000000000000000e+00 1.480499999999994145e+02 1.750000000000000888e+00
2.040000000000000000e+02 1.630000000000000000e+02 1.000000000000000000e+00 4.663500000000717591e+02 7.500000000000001110e-01
1.950000000000000000e+02 4.300000000000000000e+01 1.000000000000000000e+00 1.309499999999955264e+02 1.350000000000000533e+00
1.350000000000000000e+02 1.910000000000000000e+02 1.000000000000000000e+00 7.417999999998730800e+02 2.150000000000000355e+00
1.820000000000000000e+02 1.200000000000000000e+02 1.000000000000000000e+00 4.625000000000708837e+02 3.249999999999996447e+00
1.440000000000000000e+02 1.640000000000000000e+02 1.000000000000000000e+00 1.590000000000019043e+02 3.199999999999996625e+00
1.220000000000000000e+02 7.700000000000000000e+01 1.000000000000000000e+00 8.574999999999727152e+01 1.150000000000000355e+00
7.400000000000000000e+01 2.040000000000000000e+02 1.000000000000000000e+00 2.848000000000304794e+02 2.349999999999999645e+00
1.710000000000000000e+02 1.040000000000000000e+02 1.000000000000000000e+00 5.648500000000340151e+02 3.999999999999999667e-01
1.260000000000000000e+02 1.530000000000000000e+02 1.000000000000000000e+00 3.226000000000390742e+02 4.999999999999999445e-01
4.700000000000000000e+01 8.100000000000000000e+01 1.000000000000000000e+00 1.681000000000039734e+02 1.800000000000000933e+00
1.600000000000000000e+02 1.620000000000000000e+02 1.000000000000000000e+00 1.654000000000033594e+02 1.850000000000000977e+00
5.200000000000000000e+01 3.700000000000000000e+01 1.000000000000000000e+00 4.526000000000686327e+02 1.100000000000000311e+00
8.100000000000000000e+01 1.500000000000000000e+02 1.000000000000000000e+00 5.369500000000593900e+02 2.899999999999997691e+00
2.040000000000000000e+02 1.210000000000000000e+02 1.000000000000000000e+00 7.783499999998398380e+02 4.999999999999999445e-01
1.200000000000000000e+02 5.300000000000000000e+01 1.000000000000000000e+00 1.204499999999952990e+02 8.500000000000001998e-01
1.620000000000000000e+02 1.840000000000000000e+02 1.000000000000000000e+00 9.394999999999680540e+01 1.150000000000000355e+00
1.380000000000000000e+02 1.160000000000000000e+02 1.000000000000000000e+00 7.749999999999774047e+01 8.999999999999992895e+00
5.100000000000000000e+01 5.600000000000000000e+01 1.000000000000000000e+00 3.816500000000525006e+02 9.500000000000002887e-01
1.950000000000000000e+02 4.100000000000000000e+01 1.000000000000000000e+00 9.129999999999695603e+01 2.499999999999999112e+00
1.530000000000000000e+02 1.830000000000000000e+02 1.000000000000000000e+00 1.850000000000000977e+00 1.500000000000000666e+00
1.350000000000000000e+02 4.900000000000000000e+01 1.000000000000000000e+00 4.447500000000668479e+02 2.999999999999999889e-01
2.020000000000000000e+02 1.180000000000000000e+02 1.000000000000000000e+00 6.807999999999285592e+02 9.500000000000002887e-01
7.300000000000000000e+01 1.990000000000000000e+02 1.000000000000000000e+00 2.665000000000263185e+02 9.500000000000002887e-01
1.570000000000000000e+02 1.650000000000000000e+02 1.000000000000000000e+00 1.330999999999960153e+02 5.999999999999999778e-01
8.700000000000000000e+01 1.290000000000000000e+02 1.000000000000000000e+00 8.971999999997317445e+02 2.499999999999999112e+00
1.180000000000000000e+02 1.980000000000000000e+02 1.000000000000000000e+00 7.140499999998983185e+02 1.450000000000000622e+00
1.300000000000000000e+02 1.730000000000000000e+02 1.000000000000000000e+00 1.112499999999958220e+02 5.999999999999986677e+00
4.000000000000000000e+01 7.700000000000000000e+01 1.000000000000000000e+00 2.335000000000019682e+01 2.899999999999997691e+00
1.400000000000000000e+02 1.450000000000000000e+02 1.000000000000000000e+00 6.664999999999835723e+01 1.650000000000000799e+00
7.000000000000000000e+01 1.250000000000000000e+02 1.000000000000000000e+00 3.647500000000486580e+02 1.850000000000000977e+00
1.240000000000000000e+02 3.900000000000000000e+01 1.000000000000000000e+00 1.788500000000064176e+02 1.800000000000000933e+00
1.820000000000000000e+02 1.400000000000000000e+02 1.000000000000000000e+00 2.368500000000196053e+02 1.500000000000000666e+00
1.360000000000000000e+02 1.700000000000000000e+02 1.000000000000000000e+00 1.490499999999996419e+02 1.500000000000000222e-01
9.900000000000000000e+01 5.700000000000000000e+01 1.000000000000000000e+00 1.397999999999975387e+02 9.500000000000002887e-01
5.700000000000000000e+01 1.270000000000000000e+02 1.000000000000000000e+00 3.316000000000411205e+02 5.999999999999999778e-01
1.270000000000000000e+02 1.040000000000000000e+02 1.000000000000000000e+00 3.940500000000553200e+02 1.850000000000000977e+00
9.700000000000000000e+01 1.290000000000000000e+02 1.000000000000000000e+00 2.474000000000220041e+02 1.100000000000000311e+00
8.900000000000000000e+01 1.840000000000000000e+02 1.000000000000000000e+00 2.074500000000129205e+02 1.850000000000000977e+00
8.800000000000000000e+01 1.700000000000000000e+02 1.000000000000000000e+00 1.365499999999967997e+02 8.500000000000001998e-01
1.010000000000000000e+02 2.020000000000000000e+02 1.000000000000000000e+00 7.134999999999809006e+01 9.500000000000002887e-01
8.000000000000000000e+01 1.940000000000000000e+02 1.000000000000000000e+00 1.110999999999958305e+02 5.499999999999999334e-01
1.130000000000000000e+02 5.400000000000000000e+01 1.000000000000000000e+00 8.000000000000001554e-01 3.499999999999999778e-01
1.100000000000000000e+02 1.840000000000000000e+02 1.000000000000000000e+00 1.890000000000013358e+01 2.200000000000000178e+00
1.290000000000000000e+02 8.700000000000000000e+01 1.000000000000000000e+00 1.442499999999985505e+02 1.450000000000000622e+00
7.200000000000000000e+01 5.900000000000000000e+01 1.000000000000000000e+00 7.934999999999763531e+01 2.100000000000000533e+00
1.630000000000000000e+02 1.840000000000000000e+02 1.000000000000000000e+00 7.439999999998710791e+02 7.000000000000000666e-01
8.000000000000000000e+01 1.880000000000000000e+02 1.000000000000000000e+00 1.322499999999958220e+02 1.350000000000000533e+00
5.300000000000000000e+01 1.180000000000000000e+02 1.000000000000000000e+00 3.878000000000538989e+02 3.499999999999999778e-01
1.190000000000000000e+02 3.800000000000000000e+01 1.000000000000000000e+00 1.715500000000047578e+02 8.000000000000001554e-01
1.180000000000000000e+02 5.600000000000000000e+01 1.000000000000000000e+00 1.017499999999963620e+02 2.999999999999999889e-01
1.510000000000000000e+02 1.530000000000000000e+02 1.000000000000000000e+00 2.945000000000028351e+01 1.800000000000000933e+00
4.800000000000000000e+01 4.800000000000000000e+01 1.000000000000000000e+00 2.582000000000244313e+02 1.050000000000000266e+00
1.780000000000000000e+02 1.810000000000000000e+02 1.000000000000000000e+00 5.779500000000221007e+02 2.549999999999998934e+00
1.000000000000000000e+02 6.100000000000000000e+01 1.000000000000000000e+00 9.704999999999662919e+01 2.100000000000000533e+00
6.100000000000000000e+01 6.700000000000000000e+01 1.000000000000000000e+00 8.843499999997434315e+02 3.449999999999995737e+00
1.750000000000000000e+02 1.330000000000000000e+02 1.000000000000000000e+00 6.659999999999836007e+01 3.149999999999996803e+00
6.900000000000000000e+01 4.100000000000000000e+01 1.000000000000000000e+00 1.126999999999522743e+03 2.250000000000000000e+00
8.700000000000000000e+01 1.730000000000000000e+02 1.000000000000000000e+00 1.045000000000001350e+01 2.500000000000000000e-01
1.010000000000000000e+02 1.290000000000000000e+02 1.000000000000000000e+00 1.107999999999958476e+02 2.000000000000000111e-01
9.400000000000000000e+01 1.130000000000000000e+02 1.000000000000000000e+00 4.962500000000785576e+02 2.000000000000000111e-01
1.210000000000000000e+02 1.200000000000000000e+02 1.000000000000000000e+00 1.035999999999605507e+03 3.899999999999994138e+00
4.600000000000000000e+01 1.220000000000000000e+02 1.000000000000000000e+00 5.484999999999902087e+01 1.950000000000001066e+00
6.600000000000000000e+01 1.250000000000000000e+02 1.000000000000000000e+00 2.677500000000266027e+02 2.699999999999998401e+00
8.100000000000000000e+01 7.300000000000000000e+01 1.000000000000000000e+00 4.869500000000764430e+02 1.700000000000000844e+00
6.900000000000000000e+01 1.770000000000000000e+02 1.000000000000000000e+00 3.340000000000416662e+02 3.899999999999994138e+00
6.500000000000000000e+01 5.200000000000000000e+01 1.000000000000000000e+00 2.420500000000207876e+02 1.200000000000000400e+00
2.020000000000000000e+02 1.090000000000000000e+02 1.000000000000000000e+00 3.897500000000543423e+02 8.000000000000001554e-01
1.410000000000000000e+02 1.550000000000000000e+02 1.000000000000000000e+00 3.761000000000512387e+02 2.599999999999998757e+00
1.240000000000000000e+02 1.960000000000000000e+02 1.000000000000000000e+00 4.706500000000727368e+02 8.000000000000001554e-01
2.020000000000000000e+02 9.100000000000000000e+01 1.000000000000000000e+00 3.730500000000505452e+02 1.450000000000000622e+00
7.900000000000000000e+01 1.460000000000000000e+02 1.000000000000000000e+00 9.089999999999697877e+01 8.000000000000001554e-01
1.530000000000000000e+02 1.680000000000000000e+02 1.000000000000000000e+00 2.415000000000206626e+02 1.850000000000000977e+00
4.500000000000000000e+01 1.450000000000000000e+02 1.000000000000000000e+00 1.929500000000096236e+02 1.400000000000000577e+00
1.100000000000000000e+02 1.390000000000000000e+02 1.000000000000000000e+00 3.394000000000428940e+02 8.500000000000001998e-01
5.400000000000000000e+01 1.890000000000000000e+02 1.000000000000000000e+00 4.265000000000626983e+02 4.999999999999999445e-01
1.930000000000000000e+02 1.390000000000000000e+02 1.000000000000000000e+00 4.319500000000639375e+02 7.000000000000000666e-01
1.890000000000000000e+02 6.300000000000000000e+01 1.000000000000000000e+00 2.326000000000186390e+02 4.499999999999999556e-01
1.240000000000000000e+02 6.800000000000000000e+01 1.000000000000000000e+00 1.030949999999610100e+03 2.649999999999998579e+00
1.510000000000000000e+02 1.630000000000000000e+02 1.000000000000000000e+00 3.927500000000550244e+02 7.500000000000001110e-01
9.100000000000000000e+01 5.700000000000000000e+01 1.000000000000000000e+00 1.019749999999620286e+03 1.250000000000000444e+00
8.000000000000000000e+01 1.340000000000000000e+02 1.000000000000000000e+00 1.098499999999959016e+02 2.999999999999999889e-01
1.330000000000000000e+02 4.300000000000000000e+01 1.000000000000000000e+00 8.780999999997491159e+02 2.599999999999998757e+00
1.720000000000000000e+02 4.000000000000000000e+01 1.000000000000000000e+00 1.614500000000024613e+02 2.649999999999998579e+00
9.800000000000000000e+01 1.530000000000000000e+02 1.000000000000000000e+00 1.424499999999981412e+02 1.600000000000000755e+00
1.250000000000000000e+02 6.500000000000000000e+01 1.000000000000000000e+00 4.429999999999962057e+01 3.499999999999999778e-01
1.000000000000000000e+02 1.810000000000000000e+02 1.000000000000000000e+00 3.949500000000555247e+02 1.000000000000000222e+00
1.670000000000000000e+02 5.900000000000000000e+01 1.000000000000000000e+00 3.816500000000525006e+02 1.300000000000000488e+00
2.000000000000000000e+02 1.280000000000000000e+02 1.000000000000000000e+00 1.391999999999974023e+02 2.000000000000000888e+00
9.100000000000000000e+01 1.950000000000000000e+02 1.000000000000000000e+00 2.762000000000285240e+02 4.999999999999999445e-01
9.500000000000000000e+01 1.420000000000000000e+02 1.000000000000000000e+00 3.640500000000484988e+02 4.499999999999999556e-01
8.700000000000000000e+01 8.300000000000000000e+01 1.000000000000000000e+00 6.777499999999313332e+02 1.200000000000000400e+00
7.000000000000000000e+01 1.670000000000000000e+02 1.000000000000000000e+00 1.017599999999622241e+03 1.900000000000001021e+00
1.580000000000000000e+02 8.500000000000000000e+01 1.000000000000000000e+00 4.677500000000720775e+02 9.500000000000002887e-01
1.180000000000000000e+02 4.400000000000000000e+01 1.000000000000000000e+00 2.065500000000127159e+02 1.500000000000000666e+00
1.880000000000000000e+02 1.790000000000000000e+02 1.000000000000000000e+00 2.259000000000171156e+02 6.500000000000000222e-01
6.400000000000000000e+01 1.250000000000000000e+02 1.000000000000000000e+00 2.529500000000232660e+02 1.800000000000000933e+00
2.040000000000000000e+02 9.100000000000000000e+01 1.000000000000000000e+00 2.237000000000166153e+02 2.799999999999998046e+00
6.100000000000000000e+01 8.500000000000000000e+01 1.000000000000000000e+00 8.008999999998193289e+02 3.299999999999996270e+00
4.300000000000000000e+01 5.700000000000000000e+01 1.000000000000000000e+00 6.224999999999860023e+01 1.400000000000000577e+00
5.900000000000000000e+01 1.300000000000000000e+02 1.000000000000000000e+00 1.046999999999961943e+02 1.250000000000000444e+00
1.770000000000000000e+02 1.810000000000000000e+02 1.000000000000000000e+00 3.066000000000354362e+02 8.500000000000001998e-01
9.300000000000000000e+01 1.070000000000000000e+02 1.000000000000000000e+00 7.321999999998818112e+02 3.699999999999994849e+00
9.400000000000000000e+01 1.280000000000000000e+02 1.000000000000000000e+00 8.879499999997401574e+02 8.000000000000001554e-01
7.900000000000000000e+01 1.620000000000000000e+02 1.000000000000000000e+00 5.526000000000451564e+02 2.399999999999999467e+00
2.030000000000000000e+02 8.900000000000000000e+01 1.000000000000000000e+00 2.284000000000176840e+02 1.350000000000000533e+00
1.810000000000000000e+02 6.800000000000000000e+01 1.000000000000000000e+00 9.099999999999697309e+01 1.250000000000000444e+00
1.290000000000000000e+02 4.200000000000000000e+01 1.000000000000000000e+00 6.896999999999204647e+02 2.100000000000000533e+00
1.330000000000000000e+02 1.750000000000000000e+02 1.000000000000000000e+00 2.660000000000024301e+01 5.349999999999988987e+00
9.000000000000000000e+01 3.900000000000000000e+01 1.000000000000000000e+00 3.217000000000388695e+02 1.300000000000000488e+00
8.300000000000000000e+01 1.270000000000000000e+02 1.000000000000000000e+00 2.162500000000149214e+02 4.499999999999999556e-01
5.600000000000000000e+01 1.920000000000000000e+02 1.000000000000000000e+00 1.224499999999951854e+02 2.150000000000000355e+00
1.250000000000000000e+02 1.040000000000000000e+02 1.000000000000000000e+00 1.126949999999522788e+03 2.849999999999997868e+00
1.450000000000000000e+02 6.100000000000000000e+01 1.000000000000000000e+00 7.147999999998976364e+02 8.500000000000001998e-01
1.990000000000000000e+02 7.500000000000000000e+01 1.000000000000000000e+00 6.874999999999224656e+02 8.000000000000001554e-01
1.690000000000000000e+02 1.880000000000000000e+02 1.000000000000000000e+00 5.185000000000761702e+02 1.800000000000000933e+00
1.800000000000000000e+02 1.910000000000000000e+02 1.000000000000000000e+00 4.561000000000694286e+02 6.500000000000000222e-01
1.090000000000000000e+02 4.600000000000000000e+01 1.000000000000000000e+00 2.087000000000132047e+02 7.500000000000001110e-01
1.930000000000000000e+02 1.610000000000000000e+02 1.000000000000000000e+00 1.066499999999960835e+02 1.000000000000000222e+00
5.100000000000000000e+01 5.800000000000000000e+01 1.000000000000000000e+00 1.213499999999952479e+02 3.399999999999995914e+00
6.600000000000000000e+01 7.600000000000000000e+01 1.000000000000000000e+00 2.789500000000291493e+02 1.150000000000000355e+00
7.100000000000000000e+01 1.080000000000000000e+02 1.000000000000000000e+00 1.007499999999964189e+02 4.099999999999993427e+00
1.810000000000000000e+02 1.980000000000000000e+02 1.000000000000000000e+00 7.539999999999785985e+01 9.000000000000002442e-01
1.360000000000000000e+02 2.000000000000000000e+02 1.000000000000000000e+00 1.402499999999976410e+02 2.799999999999998046e+00
1.860000000000000000e+02 1.900000000000000000e+02 1.000000000000000000e+00 2.475000000000021672e+01 1.250000000000000444e+00
4.700000000000000000e+01 5.500000000000000000e+01 1.000000000000000000e+00 1.292999999999951513e+02 1.850000000000000977e+00
7.600000000000000000e+01 1.160000000000000000e+02 1.000000000000000000e+00 6.564999999999841407e+01 4.799999999999990941e+00
9.800000000000000000e+01 1.940000000000000000e+02 1.000000000000000000e+00 1.010449999999628744e+03 1.150000000000000355e+00
6.400000000000000000e+01 1.440000000000000000e+02 1.000000000000000000e+00 2.518000000000230045e+02 1.600000000000000755e+00
4.800000000000000000e+01 1.250000000000000000e+02 1.000000000000000000e+00 5.499999999999901235e+01 1.600000000000000755e+00
3.800000000000000000e+01 7.100000000000000000e+01 1.000000000000000000e+00 4.174500000000606406e+02 1.950000000000001066e+00
1.610000000000000000e+02 1.960000000000000000e+02 1.000000000000000000e+00 2.193000000000156149e+02 2.449999999999999289e+00
1.120000000000000000e+02 1.200000000000000000e+02 1.000000000000000000e+00 2.853000000000305931e+02 2.799999999999998046e+00
1.140000000000000000e+02 1.270000000000000000e+02 1.000000000000000000e+00 2.290000000000019043e+01 5.999999999999999778e-01
7.100000000000000000e+01 1.990000000000000000e+02 1.000000000000000000e+00 8.033499999998171006e+02 1.300000000000000488e+00
1.470000000000000000e+02 5.500000000000000000e+01 1.000000000000000000e+00 1.660000000000034959e+02 1.600000000000000755e+00
1.470000000000000000e+02 3.600000000000000000e+01 1.000000000000000000e+00 7.924999999999764100e+01 1.000000000000000222e+00
1.310000000000000000e+02 1.850000000000000000e+02 1.000000000000000000e+00 4.451000000000669274e+02 3.499999999999995559e+00
8.800000000000000000e+01 4.100000000000000000e+01 1.000000000000000000e+00 7.877499999998312887e+02 1.750000000000000888e+00
8.400000000000000000e+01 1.700000000000000000e+02 1.000000000000000000e+00 8.536999999997713076e+02 1.550000000000000711e+00
1.720000000000000000e+02 1.020000000000000000e+02 1.000000000000000000e+00 4.448000000000668592e+02 9.000000000000002442e-01
9.000000000000000000e+01 6.600000000000000000e+01 1.000000000000000000e+00 4.082500000000585487e+02 1.450000000000000622e+00
1.010000000000000000e+02 1.320000000000000000e+02 1.000000000000000000e+00 8.834999999999712372e+01 2.000000000000000111e-01
1.260000000000000000e+02 5.600000000000000000e+01 1.000000000000000000e+00 8.389999999999737668e+01 2.100000000000000533e+00
9.400000000000000000e+01 1.170000000000000000e+02 1.000000000000000000e+00 1.151999999999955975e+02 2.100000000000000533e+00
5.900000000000000000e+01 4.600000000000000000e+01 1.000000000000000000e+00 2.957000000000329578e+02 1.400000000000000577e+00
9.500000000000000000e+01 8.700000000000000000e+01 1.000000000000000000e+00 2.150000000000017053e+01 2.999999999999999889e-01
1.530000000000000000e+02 1.550000000000000000e+02 1.000000000000000000e+00 3.555500000000465661e+02 1.650000000000000799e+00
9.300000000000000000e+01 1.650000000000000000e+02 1.000000000000000000e+00 2.942500000000326281e+02 4.499999999999999556e-01
1.250000000000000000e+02 5.400000000000000000e+01 1.000000000000000000e+00 3.609000000000477826e+02 1.100000000000000311e+00
6.500000000000000000e+01 1.760000000000000000e+02 1.000000000000000000e+00 1.771000000000060197e+02 1.850000000000000977e+00
1.090000000000000000e+02 1.870000000000000000e+02 1.000000000000000000e+00 3.648500000000486807e+02 1.150000000000000355e+00
1.920000000000000000e+02 1.700000000000000000e+02 1.000000000000000000e+00 4.487500000000677574e+02 2.200000000000000178e+00
6.800000000000000000e+01 7.900000000000000000e+01 1.000000000000000000e+00 2.183500000000153989e+02 2.000000000000000888e+00
1.480000000000000000e+02 8.900000000000000000e+01 1.000000000000000000e+00 5.007000000000795694e+02 8.000000000000001554e-01
1.240000000000000000e+02 1.030000000000000000e+02 1.000000000000000000e+00 3.085000000000358682e+02 2.999999999999997335e+00
1.300000000000000000e+02 1.210000000000000000e+02 1.000000000000000000e+00 8.249999999999745626e+01 1.050000000000000266e+00
1.830000000000000000e+02 4.600000000000000000e+01 1.000000000000000000e+00 6.814999999999279225e+02 2.749999999999998224e+00
1.780000000000000000e+02 1.540000000000000000e+02 1.000000000000000000e+00 1.367499999999968452e+02 9.000000000000002442e-01
1.210000000000000000e+02 8.800000000000000000e+01 1.000000000000000000e+00 8.069999999999755858e+01 6.049999999999986500e+00
3.900000000000000000e+01 1.940000000000000000e+02 1.000000000000000000e+00 3.719000000000502837e+02 1.050000000000000266e+00
3.800000000000000000e+01 6.000000000000000000e+01 1.000000000000000000e+00 6.157499999999877218e+02 1.000000000000000222e+00
1.600000000000000000e+02 4.200000000000000000e+01 1.000000000000000000e+00 3.168500000000377668e+02 2.050000000000000711e+00
1.180000000000000000e+02 4.300000000000000000e+01 1.000000000000000000e+00 1.253499999999950205e+02 6.500000000000000222e-01
1.330000000000000000e+02 4.200000000000000000e+01 1.000000000000000000e+00 1.080000000000001847e+01 6.500000000000000222e-01
1.490000000000000000e+02 6.300000000000000000e+01 1.000000000000000000e+00 2.489000000000223451e+02 3.499999999999999778e-01
1.450000000000000000e+02 8.500000000000000000e+01 1.000000000000000000e+00 5.634999999999893561e+01 9.500000000000002887e-01
1.630000000000000000e+02 1.760000000000000000e+02 1.000000000000000000e+00 1.316999999999956970e+02 2.499999999999999112e+00
1.180000000000000000e+02 1.030000000000000000e+02 1.000000000000000000e+00 1.694500000000042803e+02 4.999999999999999445e-01
1.310000000000000000e+02 1.320000000000000000e+02 1.000000000000000000e+00 4.555500000000693035e+02 1.350000000000000533e+00
3.900000000000000000e+01 1.280000000000000000e+02 1.000000000000000000e+00 6.598999999999475676e+02 6.500000000000000222e-01
1.180000000000000000e+02 4.900000000000000000e+01 1.000000000000000000e+00 1.119999999999957794e+02 7.000000000000000666e-01
8.700000000000000000e+01 1.280000000000000000e+02 1.000000000000000000e+00 1.028499999999962995e+02 7.000000000000000666e-01
1.330000000000000000e+02 5.200000000000000000e+01 1.000000000000000000e+00 1.594000000000019952e+02 1.900000000000001021e+00
1.980000000000000000e+02 1.450000000000000000e+02 1.000000000000000000e+00 5.691000000000301497e+02 1.750000000000000888e+00
1.410000000000000000e+02 6.000000000000000000e+01 1.000000000000000000e+00 4.380000000000653131e+02 1.400000000000000577e+00
5.000000000000000000e+01 1.020000000000000000e+02 1.000000000000000000e+00 2.090000000000016200e+01 7.500000000000001110e-01
1.480000000000000000e+02 1.930000000000000000e+02 1.000000000000000000e+00 5.069999999999925677e+01 6.500000000000000222e-01
8.300000000000000000e+01 1.080000000000000000e+02 1.000000000000000000e+00 1.812000000000069520e+02 5.249999999999989342e+00
1.040000000000000000e+02 1.020000000000000000e+02 1.000000000000000000e+00 1.065000000000001634e+01 1.350000000000000533e+00
7.800000000000000000e+01 5.600000000000000000e+01 1.000000000000000000e+00 2.170000000000150919e+02 9.000000000000002442e-01
2.040000000000000000e+02 8.500000000000000000e+01 1.000000000000000000e+00 1.869000000000082480e+02 2.250000000000000000e+00
1.990000000000000000e+02 7.400000000000000000e+01 1.000000000000000000e+00 2.859000000000307296e+02 1.750000000000000888e+00
1.400000000000000000e+02 1.780000000000000000e+02 1.000000000000000000e+00 1.610000000000009379e+01 2.050000000000000711e+00
1.280000000000000000e+02 1.480000000000000000e+02 1.000000000000000000e+00 2.831000000000300929e+02 2.299999999999999822e+00
1.230000000000000000e+02 4.400000000000000000e+01 1.000000000000000000e+00 1.918500000000093735e+02 3.699999999999994849e+00
7.800000000000000000e+01 1.210000000000000000e+02 1.000000000000000000e+00 2.764000000000285695e+02 2.499999999999999112e+00
1.130000000000000000e+02 1.230000000000000000e+02 1.000000000000000000e+00 2.063500000000126704e+02 3.349999999999996092e+00
9.300000000000000000e+01 7.500000000000000000e+01 1.000000000000000000e+00 6.373999999999680313e+02 2.599999999999998757e+00
1.790000000000000000e+02 7.800000000000000000e+01 1.000000000000000000e+00 7.604999999998560725e+02 1.300000000000000488e+00
7.700000000000000000e+01 1.380000000000000000e+02 1.000000000000000000e+00 3.640000000000006963e+01 3.549999999999995381e+00
1.700000000000000000e+02 1.030000000000000000e+02 1.000000000000000000e+00 5.831500000000173713e+02 1.550000000000000711e+00
1.670000000000000000e+02 9.300000000000000000e+01 1.000000000000000000e+00 6.135499999999897227e+02 4.099999999999993427e+00
1.490000000000000000e+02 5.900000000000000000e+01 1.000000000000000000e+00 1.382499999999971863e+02 4.499999999999999556e-01
5.600000000000000000e+01 5.100000000000000000e+01 1.000000000000000000e+00 2.647000000000259092e+02 2.299999999999999822e+00
9.100000000000000000e+01 1.590000000000000000e+02 1.000000000000000000e+00 1.681000000000039734e+02 2.200000000000000178e+00
1.760000000000000000e+02 1.290000000000000000e+02 1.000000000000000000e+00 2.380000000000020322e+01 9.000000000000002442e-01
7.900000000000000000e+01 1.900000000000000000e+02 1.000000000000000000e+00 1.967500000000104876e+02 8.000000000000001554e-01
1.370000000000000000e+02 8.100000000000000000e+01 1.000000000000000000e+00 7.294499999998843123e+02 5.999999999999999778e-01
1.670000000000000000e+02 1.860000000000000000e+02 1.000000000000000000e+00 6.655499999999424290e+02 1.300000000000000488e+00
1.170000000000000000e+02 1.550000000000000000e+02 1.000000000000000000e+00 2.834000000000301611e+02 3.999999999999999667e-01
7.900000000000000000e+01 6.400000000000000000e+01 1.000000000000000000e+00 8.514999999999730562e+01 1.050000000000000266e+00
5.600000000000000000e+01 1.710000000000000000e+02 1.000000000000000000e+00 6.749999999999830891e+01 1.900000000000001021e+00
8.100000000000000000e+01 1.560000000000000000e+02 1.000000000000000000e+00 1.319999999999957652e+02 1.850000000000000977e+00
1.450000000000000000e+02 1.500000000000000000e+02 1.000000000000000000e+00 1.749500000000055309e+02 1.150000000000000355e+00
9.600000000000000000e+01 1.380000000000000000e+02 1.000000000000000000e+00 1.178499999999954468e+02 9.500000000000002887e-01
8.900000000000000000e+01 1.070000000000000000e+02 1.000000000000000000e+00 2.481000000000221632e+02 2.000000000000000888e+00
1.090000000000000000e+02 1.580000000000000000e+02 1.000000000000000000e+00 1.810000000000012221e+01 1.550000000000000711e+00
1.630000000000000000e+02 1.070000000000000000e+02 1.000000000000000000e+00 1.000999999999964558e+02 2.000000000000000888e+00
1.980000000000000000e+02 1.320000000000000000e+02 1.000000000000000000e+00 1.337999999999961744e+02 1.250000000000000444e+00
7.500000000000000000e+01 1.100000000000000000e+02 1.000000000000000000e+00 3.817000000000525120e+02 1.800000000000000933e+00
3.600000000000000000e+01 4.400000000000000000e+01 1.000000000000000000e+00 3.373000000000424166e+02 4.499999999999999556e-01
6.300000000000000000e+01 1.550000000000000000e+02 1.000000000000000000e+00 4.613000000000706109e+02 2.500000000000000000e-01
1.980000000000000000e+02 6.300000000000000000e+01 1.000000000000000000e+00 8.354999999999739657e+01 1.400000000000000577e+00
4.500000000000000000e+01 1.350000000000000000e+02 1.000000000000000000e+00 7.699999999999980638e+00 1.450000000000000622e+00
6.100000000000000000e+01 1.410000000000000000e+02 1.000000000000000000e+00 2.725000000000276827e+02 1.450000000000000622e+00
1.020000000000000000e+02 5.500000000000000000e+01 1.000000000000000000e+00 4.638000000000711793e+02 1.050000000000000266e+00
1.560000000000000000e+02 4.200000000000000000e+01 1.000000000000000000e+00 3.824500000000526825e+02 2.949999999999997513e+00
4.800000000000000000e+01 4.500000000000000000e+01 1.000000000000000000e+00 5.338500000000622094e+02 2.000000000000000888e+00
1.160000000000000000e+02 1.240000000000000000e+02 1.000000000000000000e+00 2.283500000000176726e+02 9.000000000000002442e-01
1.390000000000000000e+02 5.700000000000000000e+01 1.000000000000000000e+00 9.844999999999654960e+01 5.999999999999999778e-01
5.100000000000000000e+01 1.910000000000000000e+02 1.000000000000000000e+00 1.904000000000090438e+02 1.400000000000000577e+00
6.000000000000000000e+01 1.100000000000000000e+02 1.000000000000000000e+00 1.965000000000014424e+01 5.499999999999999334e-01
1.620000000000000000e+02 1.720000000000000000e+02 1.000000000000000000e+00 3.022000000000344357e+02 1.300000000000000488e+00
1.150000000000000000e+02 6.500000000000000000e+01 1.000000000000000000e+00 5.047500000000804903e+02 3.799999999999994493e+00
1.210000000000000000e+02 1.790000000000000000e+02 1.000000000000000000e+00 5.769999999999885887e+01 1.900000000000001021e+00
9.900000000000000000e+01 7.900000000000000000e+01 1.000000000000000000e+00 2.804500000000294904e+02 1.550000000000000711e+00
1.950000000000000000e+02 1.970000000000000000e+02 1.000000000000000000e+00 4.407000000000659270e+02 1.350000000000000533e+00
3.900000000000000000e+01 8.500000000000000000e+01 1.000000000000000000e+00 1.672500000000037801e+02 1.550000000000000711e+00
4.000000000000000000e+01 1.460000000000000000e+02 1.000000000000000000e+00 1.106999999999958533e+02 5.999999999999999778e-01
5.700000000000000000e+01 1.460000000000000000e+02 1.000000000000000000e+00 4.374999999999965183e+01 2.299999999999999822e+00
1.980000000000000000e+02 9.000000000000000000e+01 1.000000000000000000e+00 1.509500000000000739e+02 6.500000000000000222e-01
8.900000000000000000e+01 5.100000000000000000e+01 1.000000000000000000e+00 6.888999999999211923e+02 3.449999999999995737e+00
8.200000000000000000e+01 9.000000000000000000e+01 1.000000000000000000e+00 1.841500000000076227e+02 1.850000000000000977e+00
4.400000000000000000e+01 1.140000000000000000e+02 1.000000000000000000e+00 7.834999999999769216e+01 2.699999999999998401e+00
1.020000000000000000e+02 6.900000000000000000e+01 1.000000000000000000e+00 1.278999999999948756e+02 1.100000000000000311e+00
1.020000000000000000e+02 7.800000000000000000e+01 1.000000000000000000e+00 1.927500000000095781e+02 1.650000000000000799e+00
1.530000000000000000e+02 1.720000000000000000e+02 1.000000000000000000e+00 5.124999999999922551e+01 5.249999999999989342e+00
1.070000000000000000e+02 1.060000000000000000e+02 1.000000000000000000e+00 3.665000000000490559e+02 2.000000000000000888e+00
1.430000000000000000e+02 9.700000000000000000e+01 1.000000000000000000e+00 3.032000000000346631e+02 1.150000000000000355e+00
1.280000000000000000e+02 1.300000000000000000e+02 1.000000000000000000e+00 7.004499999999106876e+02 1.650000000000000799e+00
4.600000000000000000e+01 4.200000000000000000e+01 1.000000000000000000e+00 2.542000000000235502e+02 8.500000000000001998e-01
1.860000000000000000e+02 8.700000000000000000e+01 1.000000000000000000e+00 6.596499999999477950e+02 4.999999999999999445e-01
1.730000000000000000e+02 1.400000000000000000e+02 1.000000000000000000e+00 4.086500000000586397e+02 4.999999999999999445e-01
1.550000000000000000e+02 1.700000000000000000e+02 1.000000000000000000e+00 5.559999999999897824e+01 1.100000000000000311e+00
8.800000000000000000e+01 7.600000000000000000e+01 1.000000000000000000e+00 1.208999999999952735e+02 6.500000000000000222e-01
1.460000000000000000e+02 1.740000000000000000e+02 1.000000000000000000e+00 1.520000000000008100e+01 9.500000000000002887e-01
5.700000000000000000e+01 1.760000000000000000e+02 1.000000000000000000e+00 1.623500000000026660e+02 2.699999999999998401e+00
9.500000000000000000e+01 1.330000000000000000e+02 1.000000000000000000e+00 1.124999999999957510e+02 2.599999999999998757e+00
1.110000000000000000e+02 1.520000000000000000e+02 1.000000000000000000e+00 1.700000000000000844e+00 3.399999999999995914e+00
1.400000000000000000e+02 8.400000000000000000e+01 1.000000000000000000e+00 5.197500000000750333e+02 1.950000000000001066e+00
5.500000000000000000e+01 1.630000000000000000e+02 1.000000000000000000e+00 2.169500000000150806e+02 1.800000000000000933e+00
5.600000000000000000e+01 5.000000000000000000e+01 1.000000000000000000e+00 9.221999999997090072e+02 1.250000000000000444e+00
1.300000000000000000e+02 1.910000000000000000e+02 1.000000000000000000e+00 2.582500000000244427e+02 9.500000000000002887e-01
1.230000000000000000e+02 9.500000000000000000e+01 1.000000000000000000e+00 1.906000000000090893e+02 3.699999999999994849e+00
5.700000000000000000e+01 9.200000000000000000e+01 1.000000000000000000e+00 8.223499999997998202e+02 2.999999999999999889e-01
1.870000000000000000e+02 1.490000000000000000e+02 1.000000000000000000e+00 2.391500000000201283e+02 5.999999999999999778e-01
7.000000000000000000e+01 7.800000000000000000e+01 1.000000000000000000e+00 6.729999999999832028e+01 1.800000000000000933e+00
6.100000000000000000e+01 1.040000000000000000e+02 1.000000000000000000e+00 1.827500000000073044e+02 1.400000000000000577e+00
1.700000000000000000e+02 1.140000000000000000e+02 1.000000000000000000e+00 2.378500000000198327e+02 9.000000000000002442e-01
7.300000000000000000e+01 1.210000000000000000e+02 1.000000000000000000e+00 2.528500000000232433e+02 1.150000000000000355e+00
8.700000000000000000e+01 1.180000000000000000e+02 1.000000000000000000e+00 1.280499999999948670e+02 2.500000000000000000e-01
8.600000000000000000e+01 1.710000000000000000e+02 1.000000000000000000e+00 9.279999999999687077e+01 4.999999999999999445e-01
1.640000000000000000e+02 9.300000000000000000e+01 1.000000000000000000e+00 4.279000000000630166e+02 1.000000000000000222e+00
2.000000000000000000e+02 1.440000000000000000e+02 1.000000000000000000e+00 2.616000000000252044e+02 1.250000000000000444e+00
1.160000000000000000e+02 1.560000000000000000e+02 1.000000000000000000e+00 3.185500000000381533e+02 1.400000000000000577e+00
1.710000000000000000e+02 1.610000000000000000e+02 1.000000000000000000e+00 6.864999999999824354e+01 2.999999999999997335e+00
1.700000000000000000e+02 1.270000000000000000e+02 1.000000000000000000e+00 2.153500000000147168e+02 3.349999999999996092e+00
1.290000000000000000e+02 1.830000000000000000e+02 1.000000000000000000e+00 2.902000000000317073e+02 1.650000000000000799e+00
7.800000000000000000e+01 1.810000000000000000e+02 1.000000000000000000e+00 6.694999999999834017e+01 2.749999999999998224e+00
1.950000000000000000e+02 5.600000000000000000e+01 1.000000000000000000e+00 1.580500000000016882e+02 2.899999999999997691e+00
5.800000000000000000e+01 3.800000000000000000e+01 1.000000000000000000e+00 3.177500000000379714e+02 2.549999999999998934e+00
1.690000000000000000e+02 9.200000000000000000e+01 1.000000000000000000e+00 2.745000000000025508e+01 3.999999999999999667e-01
1.530000000000000000e+02 1.440000000000000000e+02 1.000000000000000000e+00 1.028499999999962995e+02 2.849999999999997868e+00
2.040000000000000000e+02 1.650000000000000000e+02 1.000000000000000000e+00 2.065000000000015845e+01 1.200000000000000400e+00
6.300000000000000000e+01 1.920000000000000000e+02 1.000000000000000000e+00 1.825500000000072589e+02 2.000000000000000111e-01
7.200000000000000000e+01 1.870000000000000000e+02 1.000000000000000000e+00 9.954999999999648708e+01 5.499999999999999334e-01
1.720000000000000000e+02 1.390000000000000000e+02 1.000000000000000000e+00 5.749999999999987566e+00 1.700000000000000844e+00
9.000000000000000000e+01 1.070000000000000000e+02 1.000000000000000000e+00 1.513500000000001648e+02 1.450000000000000622e+00
1.630000000000000000e+02 4.800000000000000000e+01 1.000000000000000000e+00 5.732000000000264208e+02 1.250000000000000444e+00
5.500000000000000000e+01 1.200000000000000000e+02 1.000000000000000000e+00 6.110499999999919964e+02 1.000000000000000222e+00
7.900000000000000000e+01 1.180000000000000000e+02 1.000000000000000000e+00 2.199000000000157513e+02 5.499999999999999334e-01
1.390000000000000000e+02 6.800000000000000000e+01 1.000000000000000000e+00 1.340999999999962427e+02 3.399999999999995914e+00
1.570000000000000000e+02 6.700000000000000000e+01 1.000000000000000000e+00 1.560000000000012221e+02 3.499999999999999778e-01
1.360000000000000000e+02 1.970000000000000000e+02 1.000000000000000000e+00 1.645500000000031662e+02 1.450000000000000622e+00
1.230000000000000000e+02 1.300000000000000000e+02 1.000000000000000000e+00 1.270499999999949239e+02 1.150000000000000355e+00
1.640000000000000000e+02 1.700000000000000000e+02 1.000000000000000000e+00 2.671500000000264663e+02 7.500000000000001110e-01
3.800000000000000000e+01 1.180000000000000000e+02 1.000000000000000000e+00 1.620000000000009521e+01 2.849999999999997868e+00
1.290000000000000000e+02 1.820000000000000000e+02 1.000000000000000000e+00 2.929500000000323325e+02 2.000000000000000888e+00
4.000000000000000000e+01 2.020000000000000000e+02 1.000000000000000000e+00 3.969500000000559794e+02 5.499999999999999334e-01
1.880000000000000000e+02 1.230000000000000000e+02 1.000000000000000000e+00 6.959999999999818954e+01 3.999999999999999667e-01
1.430000000000000000e+02 1.470000000000000000e+02 1.000000000000000000e+00 8.149999999999751310e+01 1.950000000000001066e+00
1.110000000000000000e+02 1.610000000000000000e+02 1.000000000000000000e+00 1.334499999999960949e+02 1.950000000000001066e+00
6.500000000000000000e+01 1.640000000000000000e+02 1.000000000000000000e+00 3.993500000000565251e+02 1.750000000000000888e+00
8.200000000000000000e+01 1.730000000000000000e+02 1.000000000000000000e+00 4.405000000000658815e+02 5.999999999999999778e-01
8.100000000000000000e+01 1.190000000000000000e+02 1.000000000000000000e+00 2.061500000000126249e+02 2.200000000000000178e+00
1.000000000000000000e+02 1.350000000000000000e+02 1.000000000000000000e+00 2.765000000000025793e+01 7.500000000000001110e-01
5.100000000000000000e+01 1.020000000000000000e+02 1.000000000000000000e+00 4.279500000000630280e+02 1.050000000000000266e+00
2.020000000000000000e+02 1.080000000000000000e+02 1.000000000000000000e+00 5.794500000000207365e+02 8.000000000000001554e-01
1.380000000000000000e+02 9.000000000000000000e+01 1.000000000000000000e+00 7.022499999999090505e+02 2.449999999999999289e+00
1.110000000000000000e+02 9.900000000000000000e+01 1.000000000000000000e+00 1.669000000000037005e+02 1.500000000000000222e-01
1.800000000000000000e+02 1.340000000000000000e+02 1.000000000000000000e+00 3.419500000000434738e+02 7.000000000000000666e-01
1.210000000000000000e+02 1.360000000000000000e+02 1.000000000000000000e+00 4.232000000000619480e+02 7.000000000000000666e-01
8.400000000000000000e+01 1.280000000000000000e+02 1.000000000000000000e+00 4.605000000000704290e+02 1.950000000000001066e+00
1.560000000000000000e+02 1.010000000000000000e+02 1.000000000000000000e+00 7.854999999998333351e+02 2.699999999999998401e+00
1.070000000000000000e+02 1.930000000000000000e+02 1.000000000000000000e+00 1.784500000000063267e+02 3.499999999999999778e-01
4.900000000000000000e+01 1.280000000000000000e+02 1.000000000000000000e+00 5.226500000000723958e+02 7.000000000000000666e-01
8.400000000000000000e+01 4.900000000000000000e+01 1.000000000000000000e+00 7.111499999999009560e+02 3.149999999999996803e+00
2.010000000000000000e+02 1.350000000000000000e+02 1.000000000000000000e+00 1.330000000000005400e+01 2.499999999999999112e+00
1.660000000000000000e+02 1.960000000000000000e+02 1.000000000000000000e+00 5.689999999999890434e+01 6.449999999999985079e+00
1.340000000000000000e+02 8.100000000000000000e+01 1.000000000000000000e+00 2.952000000000328441e+02 8.500000000000001998e-01
6.000000000000000000e+01 1.720000000000000000e+02 1.000000000000000000e+00 2.445000000000021245e+01 2.500000000000000000e-01
1.480000000000000000e+02 8.600000000000000000e+01 1.000000000000000000e+00 4.755000000000738396e+02 1.550000000000000711e+00
1.700000000000000000e+02 5.500000000000000000e+01 1.000000000000000000e+00 9.950000000000006395e+00 2.500000000000000000e-01
1.600000000000000000e+02 5.100000000000000000e+01 1.000000000000000000e+00 7.267999999998867224e+02 7.500000000000001110e-01
3.600000000000000000e+01 6.400000000000000000e+01 1.000000000000000000e+00 2.409500000000205375e+02 7.000000000000000666e-01
1.220000000000000000e+02 1.030000000000000000e+02 1.000000000000000000e+00 5.739999999999887592e+01 1.500000000000000222e-01
1.480000000000000000e+02 1.950000000000000000e+02 1.000000000000000000e+00 8.374999999999738520e+01 2.000000000000000888e+00
1.140000000000000000e+02 1.700000000000000000e+02 1.000000000000000000e+00 3.950000000000555360e+02 2.349999999999999645e+00
1.070000000000000000e+02 1.570000000000000000e+02 1.000000000000000000e+00 3.490500000000450882e+02 2.150000000000000355e+00
1.400000000000000000e+02 1.570000000000000000e+02 1.000000000000000000e+00 1.758000000000057241e+02 5.999999999999999778e-01
9.900000000000000000e+01 1.520000000000000000e+02 1.000000000000000000e+00 2.087500000000132161e+02 1.750000000000000888e+00
1.510000000000000000e+02 1.960000000000000000e+02 1.000000000000000000e+00 1.330999999999960153e+02 3.449999999999995737e+00
1.330000000000000000e+02 5.600000000000000000e+01 1.000000000000000000e+00 8.204999999999748184e+01 2.449999999999999289e+00
9.400000000000000000e+01 4.100000000000000000e+01 1.000000000000000000e+00 8.569999999997683062e+02 1.700000000000000844e+00
1.720000000000000000e+02 5.100000000000000000e+01 1.000000000000000000e+00 2.782000000000289788e+02 3.599999999999995204e+00
3.600000000000000000e+01 9.700000000000000000e+01 1.000000000000000000e+00 3.374500000000424507e+02 2.549999999999998934e+00
7.500000000000000000e+01 1.300000000000000000e+02 1.000000000000000000e+00 1.100999999999958874e+02 1.100000000000000311e+00
4.400000000000000000e+01 1.440000000000000000e+02 1.000000000000000000e+00 3.203000000000385512e+02 1.450000000000000622e+00
6.000000000000000000e+01 1.610000000000000000e+02 1.000000000000000000e+00 4.213000000000615159e+02 1.400000000000000577e+00
7.400000000000000000e+01 1.070000000000000000e+02 1.000000000000000000e+00 1.335999999999961290e+02 1.050000000000000266e+00
1.300000000000000000e+02 1.400000000000000000e+02 1.000000000000000000e+00 2.181500000000153534e+02 1.250000000000000444e+00
4.600000000000000000e+01 1.220000000000000000e+02 1.000000000000000000e+00 1.644500000000031434e+02 1.400000000000000577e+00
1.390000000000000000e+02 1.140000000000000000e+02 1.000000000000000000e+00 3.391500000000428372e+02 5.349999999999988987e+00
1.500000000000000000e+02 1.800000000000000000e+02 1.000000000000000000e+00 1.782500000000062812e+02 2.500000000000000000e-01
1.700000000000000000e+02 1.430000000000000000e+02 1.000000000000000000e+00 6.097999999999931333e+02 2.449999999999999289e+00
1.120000000000000000e+02 7.300000000000000000e+01 1.000000000000000000e+00 2.749000000000282284e+02 1.950000000000001066e+00
6.900000000000000000e+01 5.100000000000000000e+01 1.000000000000000000e+00 8.784999999999715214e+01 4.949999999999990408e+00
8.700000000000000000e+01 1.840000000000000000e+02 1.000000000000000000e+00 6.769999999999829754e+01 1.150000000000000355e+00
3.800000000000000000e+01 2.040000000000000000e+02 1.000000000000000000e+00 7.669999999998501607e+02 2.449999999999999289e+00
1.070000000000000000e+02 5.800000000000000000e+01 1.000000000000000000e+00 2.917500000000320597e+02 1.100000000000000311e+00
8.100000000000000000e+01 1.270000000000000000e+02 1.000000000000000000e+00 1.420000000000006679e+01 1.500000000000000666e+00
7.000000000000000000e+01 1.610000000000000000e+02 1.000000000000000000e+00 1.660000000000010090e+01 1.050000000000000266e+00
1.950000000000000000e+02 7.600000000000000000e+01 1.000000000000000000e+00 5.631000000000356067e+02 9.000000000000002442e-01
9.000000000000000000e+01 2.010000000000000000e+02 1.000000000000000000e+00 3.320500000000412228e+02 3.049999999999997158e+00
1.890000000000000000e+02 1.170000000000000000e+02 1.000000000000000000e+00 3.429500000000437012e+02 1.750000000000000888e+00
7.700000000000000000e+01 1.610000000000000000e+02 1.000000000000000000e+00 2.649500000000259661e+02 2.999999999999999889e-01
4.800000000000000000e+01 1.780000000000000000e+02 1.000000000000000000e+00 9.500000000000002887e-01 1.600000000000000755e+00
1.700000000000000000e+02 5.100000000000000000e+01 1.000000000000000000e+00 2.842000000000303430e+02 1.500000000000000666e+00
7.900000000000000000e+01 3.600000000000000000e+01 1.000000000000000000e+00 2.023000000000117495e+02 5.999999999999999778e-01
5.900000000000000000e+01 1.050000000000000000e+02 1.000000000000000000e+00 8.579999999999726867e+01 1.750000000000000888e+00
6.000000000000000000e+01 1.780000000000000000e+02 1.000000000000000000e+00 9.167999999997139184e+02 2.699999999999998401e+00
9.300000000000000000e+01 9.500000000000000000e+01 1.000000000000000000e+00 2.861000000000307750e+02 2.649999999999998579e+00
1.660000000000000000e+02 1.570000000000000000e+02 1.000000000000000000e+00 9.198499999997111445e+02 1.350000000000000533e+00
1.960000000000000000e+02 8.100000000000000000e+01 1.000000000000000000e+00 8.703999999997561190e+02 1.500000000000000222e-01
1.150000000000000000e+02 1.470000000000000000e+02 1.000000000000000000e+00 3.010000000000029274e+01 1.250000000000000444e+00
1.700000000000000000e+02 6.400000000000000000e+01 1.000000000000000000e+00 4.998000000000793648e+02 9.000000000000002442e-01
6.200000000000000000e+01 6.500000000000000000e+01 1.000000000000000000e+00 2.559500000000239481e+02 1.550000000000000711e+00
1.980000000000000000e+02 6.200000000000000000e+01 1.000000000000000000e+00 1.435000000000006892e+01 1.500000000000000666e+00
1.550000000000000000e+02 1.760000000000000000e+02 1.000000000000000000e+00 9.944999999999649276e+01 4.999999999999999445e-01
1.300000000000000000e+02 4.000000000000000000e+01 1.000000000000000000e+00 2.782500000000289901e+02 1.500000000000000666e+00
1.870000000000000000e+02 1.960000000000000000e+02 1.000000000000000000e+00 1.761000000000057923e+02 1.100000000000000311e+00
1.990000000000000000e+02 4.100000000000000000e+01 1.000000000000000000e+00 1.165000000000003055e+01 4.999999999999999445e-01
1.780000000000000000e+02 1.920000000000000000e+02 1.000000000000000000e+00 2.268000000000173202e+02 3.149999999999996803e+00
1.070000000000000000e+02 1.960000000000000000e+02 1.000000000000000000e+00 5.359999999999909193e+01 1.050000000000000266e+00
1.920000000000000000e+02 6.400000000000000000e+01 1.000000000000000000e+00 8.599999999999987210e+00 1.400000000000000577e+00
7.700000000000000000e+01 1.930000000000000000e+02 1.000000000000000000e+00 3.350500000000419050e+02 3.499999999999999778e-01
1.190000000000000000e+02 1.220000000000000000e+02 1.000000000000000000e+00 2.247500000000168541e+02 1.400000000000000577e+00
1.430000000000000000e+02 1.330000000000000000e+02 1.000000000000000000e+00 5.044999999999927098e+01 1.100000000000000311e+00
1.610000000000000000e+02 1.040000000000000000e+02 1.000000000000000000e+00 6.924999999999820943e+01 2.999999999999999889e-01
7.000000000000000000e+01 2.030000000000000000e+02 1.000000000000000000e+00 4.301500000000635282e+02 1.600000000000000755e+00
1.400000000000000000e+02 9.300000000000000000e+01 1.000000000000000000e+00 5.233500000000717591e+02 3.099999999999996980e+00
1.320000000000000000e+02 1.380000000000000000e+02 1.000000000000000000e+00 1.401999999999976296e+02 2.699999999999998401e+00
1.590000000000000000e+02 1.600000000000000000e+02 1.000000000000000000e+00 8.404499999997833584e+02 7.500000000000001110e-01
1.270000000000000000e+02 1.350000000000000000e+02 1.000000000000000000e+00 1.503999999999999488e+02 5.999999999999999778e-01
1.180000000000000000e+02 2.030000000000000000e+02 1.000000000000000000e+00 1.486499999999995509e+02 9.500000000000002887e-01
6.800000000000000000e+01 7.600000000000000000e+01 1.000000000000000000e+00 5.155500000000788532e+02 1.400000000000000577e+00
2.020000000000000000e+02 1.090000000000000000e+02 1.000000000000000000e+00 7.338499999998803105e+02 1.750000000000000888e+00
2.030000000000000000e+02 2.010000000000000000e+02 1.000000000000000000e+00 3.376500000000424961e+02 1.000000000000000222e+00
6.500000000000000000e+01 7.000000000000000000e+01 1.000000000000000000e+00 1.953000000000101579e+02 4.999999999999999445e-01
1.390000000000000000e+02 6.100000000000000000e+01 1.000000000000000000e+00 1.434999999999983800e+02 7.500000000000001110e-01
1.860000000000000000e+02 1.100000000000000000e+02 1.000000000000000000e+00 5.191000000000756245e+02 1.200000000000000400e+00
1.750000000000000000e+02 8.100000000000000000e+01 1.000000000000000000e+00 1.660000000000034959e+02 1.050000000000000266e+00
1.090000000000000000e+02 1.290000000000000000e+02 1.000000000000000000e+00 9.219999999999690488e+01 2.050000000000000711e+00
3.600000000000000000e+01 1.970000000000000000e+02 1.000000000000000000e+00 2.473000000000219814e+02 2.949999999999997513e+00
1.600000000000000000e+02 2.010000000000000000e+02 1.000000000000000000e+00 7.314999999999798774e+01 2.499999999999999112e+00
4.600000000000000000e+01 1.370000000000000000e+02 1.000000000000000000e+00 4.023500000000572072e+02 8.500000000000001998e-01
8.600000000000000000e+01 1.230000000000000000e+02 1.000000000000000000e+00 4.068500000000582304e+02 6.500000000000000222e-01
1.890000000000000000e+02 8.900000000000000000e+01 1.000000000000000000e+00 6.054999999999970441e+02 9.000000000000002442e-01
8.500000000000000000e+01 9.500000000000000000e+01 1.000000000000000000e+00 1.010999999999963990e+02 1.000000000000000222e+00
1.420000000000000000e+02 1.660000000000000000e+02 1.000000000000000000e+00 4.194999999999975415e+01 1.050000000000000266e+00
1.590000000000000000e+02 9.500000000000000000e+01 1.000000000000000000e+00 1.025299999999615238e+03 3.799999999999994493e+00
1.710000000000000000e+02 1.970000000000000000e+02 1.000000000000000000e+00 1.195499999999953502e+02 1.750000000000000888e+00
1.160000000000000000e+02 1.260000000000000000e+02 1.000000000000000000e+00 6.573499999999498868e+02 8.000000000000001554e-01
7.000000000000000000e+01 1.060000000000000000e+02 1.000000000000000000e+00 3.207000000000386422e+02 3.999999999999999667e-01
9.400000000000000000e+01 1.680000000000000000e+02 1.000000000000000000e+00 3.660000000000005826e+01 1.450000000000000622e+00
1.060000000000000000e+02 5.600000000000000000e+01 1.000000000000000000e+00 5.640000000000347882e+02 1.650000000000000799e+00
1.080000000000000000e+02 1.630000000000000000e+02 1.000000000000000000e+00 1.885000000000013287e+01 3.749999999999994671e+00
1.260000000000000000e+02 1.990000000000000000e+02 1.000000000000000000e+00 4.405000000000658815e+02 8.500000000000001998e-01
1.340000000000000000e+02 1.320000000000000000e+02 1.000000000000000000e+00 7.991999999998208750e+02 2.649999999999998579e+00
1.680000000000000000e+02 6.100000000000000000e+01 1.000000000000000000e+00 4.750500000000737373e+02 2.749999999999998224e+00
5.200000000000000000e+01 1.760000000000000000e+02 1.000000000000000000e+00 4.140500000000598675e+02 2.200000000000000178e+00
1.430000000000000000e+02 1.660000000000000000e+02 1.000000000000000000e+00 4.504999999999957794e+01 7.500000000000001110e-01
1.190000000000000000e+02 1.590000000000000000e+02 1.000000000000000000e+00 7.094999999999811280e+01 1.900000000000001021e+00
4.900000000000000000e+01 1.660000000000000000e+02 1.000000000000000000e+00 1.940500000000098737e+02 4.999999999999999445e-01
3.800000000000000000e+01 1.250000000000000000e+02 1.000000000000000000e+00 5.262000000000691671e+02 2.250000000000000000e+00
1.520000000000000000e+02 1.500000000000000000e+02 1.000000000000000000e+00 1.572000000000014950e+02 2.849999999999997868e+00
1.390000000000000000e+02 5.400000000000000000e+01 1.000000000000000000e+00 3.148000000000373007e+02 1.900000000000001021e+00
9.300000000000000000e+01 8.000000000000000000e+01 1.000000000000000000e+00 2.612500000000251248e+02 2.000000000000000888e+00
4.700000000000000000e+01 5.200000000000000000e+01 1.000000000000000000e+00 4.744999999999944151e+01 7.500000000000001110e-01
9.500000000000000000e+01 1.250000000000000000e+02 1.000000000000000000e+00 3.764500000000513182e+02 2.949999999999997513e+00
9.600000000000000000e+01 1.230000000000000000e+02 1.000000000000000000e+00 2.873500000000310592e+02 2.000000000000000888e+00
1.380000000000000000e+02 9.900000000000000000e+01 1.000000000000000000e+00 5.639000000000348791e+02 5.499999999999999334e-01
4.100000000000000000e+01 5.000000000000000000e+01 1.000000000000000000e+00 1.619500000000025750e+02 8.000000000000001554e-01
2.030000000000000000e+02 1.790000000000000000e+02 1.000000000000000000e+00 4.029000000000573323e+02 1.750000000000000888e+00
1.730000000000000000e+02 1.280000000000000000e+02 1.000000000000000000e+00 5.354999999999909477e+01 2.399999999999999467e+00
1.590000000000000000e+02 8.100000000000000000e+01 1.000000000000000000e+00 8.893499999997388841e+02 2.399999999999999467e+00
1.810000000000000000e+02 1.110000000000000000e+02 1.000000000000000000e+00 4.775000000000742943e+02 9.500000000000002887e-01
9.100000000000000000e+01 1.140000000000000000e+02 1.000000000000000000e+00 4.953000000000783416e+02 1.500000000000000666e+00
1.090000000000000000e+02 9.500000000000000000e+01 1.000000000000000000e+00 5.919500000000093678e+02 1.400000000000000577e+00
1.540000000000000000e+02 1.970000000000000000e+02 1.000000000000000000e+00 4.898000000000770910e+02 1.750000000000000888e+00
1.680000000000000000e+02 1.500000000000000000e+02 1.000000000000000000e+00 2.517000000000229818e+02 3.099999999999996980e+00
6.800000000000000000e+01 2.020000000000000000e+02 1.000000000000000000e+00 3.782000000000517161e+02 1.750000000000000888e+00
1.110000000000000000e+02 9.400000000000000000e+01 1.000000000000000000e+00 3.986500000000563659e+02 5.999999999999999778e-01
9.800000000000000000e+01 1.060000000000000000e+02 1.000000000000000000e+00 4.569000000000696105e+02 8.500000000000001998e-01
2.040000000000000000e+02 1.580000000000000000e+02 1.000000000000000000e+00 7.894999999999765805e+01 1.400000000000000577e+00
1.680000000000000000e+02 1.980000000000000000e+02 1.000000000000000000e+00 1.325499999999958902e+02 1.050000000000000266e+00
5.100000000000000000e+01 1.360000000000000000e+02 1.000000000000000000e+00 8.349999999999983658e+00 2.200000000000000178e+00
1.060000000000000000e+02 4.800000000000000000e+01 1.000000000000000000e+00 2.310000000000182752e+02 1.100000000000000311e+00
1.340000000000000000e+02 1.470000000000000000e+02 1.000000000000000000e+00 8.849999999999990763e+00 1.450000000000000622e+00
8.000000000000000000e+01 8.200000000000000000e+01 1.000000000000000000e+00 5.157000000000787168e+02 3.249999999999996447e+00
1.360000000000000000e+02 1.940000000000000000e+02 1.000000000000000000e+00 2.696000000000270234e+02 4.999999999999999445e-01
9.900000000000000000e+01 1.490000000000000000e+02 1.000000000000000000e+00 1.029499999999962938e+02 1.650000000000000799e+00
8.200000000000000000e+01 1.880000000000000000e+02 1.000000000000000000e+00 6.429499999999629836e+02 8.500000000000001998e-01
1.300000000000000000e+02 4.800000000000000000e+01 1.000000000000000000e+00 6.694999999999834017e+01 2.799999999999998046e+00
7.300000000000000000e+01 1.600000000000000000e+02 1.000000000000000000e+00 8.303499999997925443e+02 2.699999999999998401e+00
7.400000000000000000e+01 9.000000000000000000e+01 1.000000000000000000e+00 1.321499999999957993e+02 7.000000000000000666e-01
4.000000000000000000e+01 1.540000000000000000e+02 1.000000000000000000e+00 1.194349999999461488e+03 1.250000000000000444e+00
1.350000000000000000e+02 4.200000000000000000e+01 1.000000000000000000e+00 2.095000000000016271e+01 3.999999999999999667e-01
6.500000000000000000e+01 2.010000000000000000e+02 1.000000000000000000e+00 3.859500000000534783e+02 4.299999999999992717e+00
1.450000000000000000e+02 8.200000000000000000e+01 1.000000000000000000e+00 9.307999999997011855e+02 9.500000000000002887e-01
1.960000000000000000e+02 1.660000000000000000e+02 1.000000000000000000e+00 1.430499999999982776e+02 1.850000000000000977e+00
5.800000000000000000e+01 1.000000000000000000e+02 1.000000000000000000e+00 1.021849999999618376e+03 2.999999999999999889e-01
1.110000000000000000e+02 6.400000000000000000e+01 1.000000000000000000e+00 2.591000000000246359e+02 1.150000000000000355e+00
1.770000000000000000e+02 8.500000000000000000e+01 1.000000000000000000e+00 2.487000000000222997e+02 2.150000000000000355e+00
7.900000000000000000e+01 5.800000000000000000e+01 1.000000000000000000e+00 1.490499999999996419e+02 6.500000000000000222e-01
7.500000000000000000e+01 1.520000000000000000e+02 1.000000000000000000e+00 6.457999999999603915e+02 5.999999999999999778e-01
1.060000000000000000e+02 1.520000000000000000e+02 1.000000000000000000e+00 3.772000000000514888e+02 2.849999999999997868e+00
1.260000000000000000e+02 1.270000000000000000e+02 1.000000000000000000e+00 2.897000000000315936e+02 3.449999999999995737e+00
1.750000000000000000e+02 1.470000000000000000e+02 1.000000000000000000e+00 5.225000000000725322e+02 2.050000000000000711e+00
1.630000000000000000e+02 9.900000000000000000e+01 1.000000000000000000e+00 8.929999999999706972e+01 5.999999999999999778e-01
1.150000000000000000e+02 1.530000000000000000e+02 1.000000000000000000e+00 1.763500000000058492e+02 1.750000000000000888e+00
6.500000000000000000e+01 2.020000000000000000e+02 1.000000000000000000e+00 2.605500000000249656e+02 1.400000000000000577e+00
4.300000000000000000e+01 1.170000000000000000e+02 1.000000000000000000e+00 6.779999999999829186e+01 1.300000000000000488e+00
1.530000000000000000e+02 1.430000000000000000e+02 1.000000000000000000e+00 4.824999999999939604e+01 1.550000000000000711e+00
4.400000000000000000e+01 1.650000000000000000e+02 1.000000000000000000e+00 1.315499999999956628e+02 1.000000000000000222e+00
1.880000000000000000e+02 1.010000000000000000e+02 1.000000000000000000e+00 7.365999999998778094e+02 5.999999999999999778e-01
7.300000000000000000e+01 1.780000000000000000e+02 1.000000000000000000e+00 4.585000000000699742e+02 2.299999999999999822e+00
5.300000000000000000e+01 5.100000000000000000e+01 1.000000000000000000e+00 6.634999999999837428e+01 9.000000000000002442e-01
7.000000000000000000e+01 5.400000000000000000e+01 1.000000000000000000e+00 2.838000000000302521e+02 7.500000000000001110e-01
6.400000000000000000e+01 5.700000000000000000e+01 1.000000000000000000e+00 1.458999999999989257e+02 5.999999999999999778e-01
1.730000000000000000e+02 1.810000000000000000e+02 1.000000000000000000e+00 4.260000000000625846e+02 1.700000000000000844e+00
1.130000000000000000e+02 5.700000000000000000e+01 1.000000000000000000e+00 9.944999999999649276e+01 1.200000000000000400e+00
1.090000000000000000e+02 7.800000000000000000e+01 1.000000000000000000e+00 3.005500000000340606e+02 3.999999999999999667e-01
1.900000000000000000e+02 6.300000000000000000e+01 1.000000000000000000e+00 2.377500000000198099e+02 4.499999999999999556e-01
2.050000000000000000e+02 5.800000000000000000e+01 1.000000000000000000e+00 2.875500000000311047e+02 5.999999999999999778e-01
4.900000000000000000e+01 1.760000000000000000e+02 1.000000000000000000e+00 2.349500000000191733e+02 3.099999999999996980e+00
1.000000000000000000e+02 7.800000000000000000e+01 1.000000000000000000e+00 3.389000000000427804e+02 2.449999999999999289e+00
1.630000000000000000e+02 1.830000000000000000e+02 1.000000000000000000e+00 1.577000000000016087e+02 6.500000000000000222e-01
1.280000000000000000e+02 9.400000000000000000e+01 1.000000000000000000e+00 1.766000000000059060e+02 5.049999999999990052e+00
7.300000000000000000e+01 3.900000000000000000e+01 1.000000000000000000e+00 2.705000000000272280e+02 7.000000000000000666e-01
1.400000000000000000e+02 9.800000000000000000e+01 1.000000000000000000e+00 2.843000000000303658e+02 1.500000000000000666e+00
1.450000000000000000e+02 5.400000000000000000e+01 1.000000000000000000e+00 4.718500000000730097e+02 1.300000000000000488e+00
1.160000000000000000e+02 1.380000000000000000e+02 1.000000000000000000e+00 3.562500000000467253e+02 3.499999999999999778e-01
1.920000000000000000e+02 1.790000000000000000e+02 1.000000000000000000e+00 1.902000000000089983e+02 1.750000000000000888e+00
1.670000000000000000e+02 2.020000000000000000e+02 1.000000000000000000e+00 1.063999999999960977e+02 1.550000000000000711e+00
1.500000000000000000e+02 1.590000000000000000e+02 1.000000000000000000e+00 3.474000000000447130e+02 2.849999999999997868e+00
6.600000000000000000e+01 1.210000000000000000e+02 1.000000000000000000e+00 2.060000000000015774e+01 2.999999999999997335e+00
7.100000000000000000e+01 1.600000000000000000e+02 1.000000000000000000e+00 1.644500000000031434e+02 9.500000000000002887e-01
9.600000000000000000e+01 5.900000000000000000e+01 1.000000000000000000e+00 1.148999999999956145e+02 5.499999999999999334e-01
1.690000000000000000e+02 1.830000000000000000e+02 1.000000000000000000e+00 2.328000000000186844e+02 2.749999999999998224e+00
1.350000000000000000e+02 1.320000000000000000e+02 1.000000000000000000e+00 6.234999999999859455e+01 3.999999999999999667e-01
9.400000000000000000e+01 1.700000000000000000e+02 1.000000000000000000e+00 6.555999999999514785e+02 1.200000000000000400e+00
1.080000000000000000e+02 1.320000000000000000e+02 1.000000000000000000e+00 2.523500000000231296e+02 5.499999999999999334e-01
7.000000000000000000e+01 8.500000000000000000e+01 1.000000000000000000e+00 1.459999999999989484e+02 4.499999999999999556e-01
8.100000000000000000e+01 1.300000000000000000e+02 1.000000000000000000e+00 6.382999999999672127e+02 1.500000000000000666e+00
1.190000000000000000e+02 1.990000000000000000e+02 1.000000000000000000e+00 6.571499999999500687e+02 1.200000000000000400e+00
1.840000000000000000e+02 1.880000000000000000e+02 1.000000000000000000e+00 2.955000000000329123e+02 1.250000000000000444e+00
6.000000000000000000e+01 6.900000000000000000e+01 1.000000000000000000e+00 4.183000000000608338e+02 1.350000000000000533e+00
1.250000000000000000e+02 1.120000000000000000e+02 1.000000000000000000e+00 1.442999999999985619e+02 1.250000000000000444e+00
1.610000000000000000e+02 1.430000000000000000e+02 1.000000000000000000e+00 4.902500000000771934e+02 2.999999999999999889e-01
1.140000000000000000e+02 9.300000000000000000e+01 1.000000000000000000e+00 2.935000000000028209e+01 2.349999999999999645e+00
9.000000000000000000e+01 6.500000000000000000e+01 1.000000000000000000e+00 4.729999999999945004e+01 1.100000000000000311e+00
1.870000000000000000e+02 1.610000000000000000e+02 1.000000000000000000e+00 8.389999999999737668e+01 1.300000000000000488e+00
3.700000000000000000e+01 5.100000000000000000e+01 1.000000000000000000e+00 3.855500000000533873e+02 4.049999999999993605e+00
6.600000000000000000e+01 6.000000000000000000e+01 1.000000000000000000e+00 7.157499999998967724e+02 2.449999999999999289e+00
1.270000000000000000e+02 7.300000000000000000e+01 1.000000000000000000e+00 1.400000000000006395e+01 1.250000000000000444e+00
1.950000000000000000e+02 5.100000000000000000e+01 1.000000000000000000e+00 2.285000000000177067e+02 3.649999999999995026e+00
1.490000000000000000e+02 1.280000000000000000e+02 1.000000000000000000e+00 1.225999999999951768e+02 2.499999999999999112e+00
1.880000000000000000e+02 1.380000000000000000e+02 1.000000000000000000e+00 1.684000000000040416e+02 9.000000000000002442e-01
1.770000000000000000e+02 1.350000000000000000e+02 1.000000000000000000e+00 2.838000000000302521e+02 3.499999999999999778e-01
2.030000000000000000e+02 1.480000000000000000e+02 1.000000000000000000e+00 1.342999999999962881e+02 1.300000000000000488e+00
1.200000000000000000e+02 8.900000000000000000e+01 1.000000000000000000e+00 3.877500000000538876e+02 4.499999999999999556e-01
2.000000000000000000e+02 9.800000000000000000e+01 1.000000000000000000e+00 1.356799999999313741e+03 2.000000000000000111e-01
7.300000000000000000e+01 1.920000000000000000e+02 1.000000000000000000e+00 4.114999999999979963e+01 1.550000000000000711e+00
1.960000000000000000e+02 8.000000000000000000e+01 1.000000000000000000e+00 2.301000000000180705e+02 2.999999999999997335e+00
1.500000000000000000e+02 1.880000000000000000e+02 1.000000000000000000e+00 6.263499999999780812e+02 4.999999999999999445e-01
1.230000000000000000e+02 1.620000000000000000e+02 1.000000000000000000e+00 2.599000000000248178e+02 3.049999999999997158e+00
1.830000000000000000e+02 6.700000000000000000e+01 1.000000000000000000e+00 1.839000000000075659e+02 1.400000000000000577e+00
9.300000000000000000e+01 1.040000000000000000e+02 1.000000000000000000e+00 2.685000000000267733e+02 2.399999999999999467e+00
3.800000000000000000e+01 8.800000000000000000e+01 1.000000000000000000e+00 5.459999999999903508e+01 3.149999999999996803e+00
3.800000000000000000e+01 6.400000000000000000e+01 1.000000000000000000e+00 1.239499999999951001e+02 1.650000000000000799e+00
1.000000000000000000e+02 5.800000000000000000e+01 1.000000000000000000e+00 1.535000000000008313e+01 1.000000000000000222e+00
9.600000000000000000e+01 3.800000000000000000e+01 1.000000000000000000e+00 4.865500000000763521e+02 7.500000000000001110e-01
1.040000000000000000e+02 5.400000000000000000e+01 1.000000000000000000e+00 6.707999999999376541e+02 1.250000000000000444e+00
1.780000000000000000e+02 9.900000000000000000e+01 1.000000000000000000e+00 1.915000000000092939e+02 2.500000000000000000e-01
1.700000000000000000e+02 8.400000000000000000e+01 1.000000000000000000e+00 3.735000000000001563e+01 1.700000000000000844e+00
1.400000000000000000e+02 7.400000000000000000e+01 1.000000000000000000e+00 3.036500000000347654e+02 8.000000000000001554e-01
1.400000000000000000e+02 1.340000000000000000e+02 1.000000000000000000e+00 6.274499999999770807e+02 2.799999999999998046e+00
5.700000000000000000e+01 1.390000000000000000e+02 1.000000000000000000e+00 2.377000000000197986e+02 1.350000000000000533e+00
7.700000000000000000e+01 1.600000000000000000e+02 1.000000000000000000e+00 2.902500000000317186e+02 1.400000000000000577e+00
8.100000000000000000e+01 1.100000000000000000e+02 1.000000000000000000e+00 1.374999999999970157e+02 8.500000000000001998e-01
1.700000000000000000e+02 1.670000000000000000e+02 1.000000000000000000e+00 1.264999999999949551e+02 7.000000000000000666e-01
4.300000000000000000e+01 5.700000000000000000e+01 1.000000000000000000e+00 1.979000000000107491e+02 2.799999999999998046e+00
1.040000000000000000e+02 1.290000000000000000e+02 1.000000000000000000e+00 5.972000000000045929e+02 2.999999999999999889e-01
1.770000000000000000e+02 1.250000000000000000e+02 1.000000000000000000e+00 3.599999999999995204e+00 1.250000000000000444e+00
7.200000000000000000e+01 1.470000000000000000e+02 1.000000000000000000e+00 4.413500000000660748e+02 1.800000000000000933e+00
1.870000000000000000e+02 4.600000000000000000e+01 1.000000000000000000e+00 1.600000000000009237e+01 2.299999999999999822e+00
5.700000000000000000e+01 4.000000000000000000e+01 1.000000000000000000e+00 2.719500000000275577e+02 1.500000000000000666e+00
1.210000000000000000e+02 1.650000000000000000e+02 1.000000000000000000e+00 6.494999999999845386e+01 7.500000000000001110e-01
8.000000000000000000e+01 8.600000000000000000e+01 1.000000000000000000e+00 5.083000000000812975e+02 3.499999999999999778e-01
1.340000000000000000e+02 1.600000000000000000e+02 1.000000000000000000e+00 1.881000000000085208e+02 3.999999999999999667e-01
4.100000000000000000e+01 1.710000000000000000e+02 1.000000000000000000e+00 1.876000000000084071e+02 2.050000000000000711e+00
6.000000000000000000e+01 1.180000000000000000e+02 1.000000000000000000e+00 5.389000000000576165e+02 5.499999999999999334e-01
1.380000000000000000e+02 7.200000000000000000e+01 1.000000000000000000e+00 2.943500000000326509e+02 5.199999999999989519e+00
1.070000000000000000e+02 3.700000000000000000e+01 1.000000000000000000e+00 4.224000000000617661e+02 2.999999999999999889e-01
1.980000000000000000e+02 1.270000000000000000e+02 1.000000000000000000e+00 5.804500000000198270e+02 2.200000000000000178e+00
6.100000000000000000e+01 1.530000000000000000e+02 1.000000000000000000e+00 4.078000000000584464e+02 5.899999999999987033e+00
1.520000000000000000e+02 4.400000000000000000e+01 1.000000000000000000e+00 3.885500000000540695e+02 2.999999999999999889e-01
1.310000000000000000e+02 1.120000000000000000e+02 1.000000000000000000e+00 4.205500000000613454e+02 1.850000000000000977e+00
1.980000000000000000e+02 1.110000000000000000e+02 1.000000000000000000e+00 2.519000000000230273e+02 1.200000000000000400e+00
1.160000000000000000e+02 4.600000000000000000e+01 1.000000000000000000e+00 3.918000000000548084e+02 1.100000000000000311e+00
1.580000000000000000e+02 1.520000000000000000e+02 1.000000000000000000e+00 2.978000000000334353e+02 1.100000000000000311e+00
1.230000000000000000e+02 1.170000000000000000e+02 1.000000000000000000e+00 5.308000000000649834e+02 1.750000000000000888e+00
1.090000000000000000e+02 1.500000000000000000e+02 1.000000000000000000e+00 3.234000000000392561e+02 1.850000000000000977e+00
9.100000000000000000e+01 1.630000000000000000e+02 1.000000000000000000e+00 4.192500000000610498e+02 7.199999999999982414e+00
7.400000000000000000e+01 1.730000000000000000e+02 1.000000000000000000e+00 3.746000000000508976e+02 9.000000000000002442e-01
6.800000000000000000e+01 1.260000000000000000e+02 1.000000000000000000e+00 3.499999999999999778e-01 2.050000000000000711e+00
3.700000000000000000e+01 1.600000000000000000e+02 1.000000000000000000e+00 3.146000000000372552e+02 3.499999999999999778e-01
4.800000000000000000e+01 1.370000000000000000e+02 1.000000000000000000e+00 8.259999999999745057e+01 1.500000000000000222e-01
5.000000000000000000e+01 8.900000000000000000e+01 1.000000000000000000e+00 3.967000000000559226e+02 1.150000000000000355e+00
1.030000000000000000e+02 1.360000000000000000e+02 1.000000000000000000e+00 1.776000000000061334e+02 1.650000000000000799e+00
4.900000000000000000e+01 1.850000000000000000e+02 1.000000000000000000e+00 1.590500000000019156e+02 2.549999999999998934e+00
7.300000000000000000e+01 1.290000000000000000e+02 1.000000000000000000e+00 6.044999999999870255e+01 1.050000000000000266e+00
6.500000000000000000e+01 1.020000000000000000e+02 1.000000000000000000e+00 2.472000000000219586e+02 9.000000000000002442e-01
1.070000000000000000e+02 1.010000000000000000e+02 1.000000000000000000e+00 6.415999999999642114e+02 1.250000000000000444e+00
8.300000000000000000e+01 5.200000000000000000e+01 1.000000000000000000e+00 3.488500000000450427e+02 3.499999999999995559e+00
1.890000000000000000e+02 1.390000000000000000e+02 1.000000000000000000e+00 3.581000000000471459e+02 6.500000000000000222e-01
7.700000000000000000e+01 5.100000000000000000e+01 1.000000000000000000e+00 1.618000000000025409e+02 9.500000000000002887e-01
1.740000000000000000e+02 9.600000000000000000e+01 1.000000000000000000e+00 1.591149999999100601e+03 2.299999999999999822e+00
2.040000000000000000e+02 1.250000000000000000e+02 1.000000000000000000e+00 2.704500000000272166e+02 9.500000000000002887e-01
8.300000000000000000e+01 1.970000000000000000e+02 1.000000000000000000e+00 6.683999999999398369e+02 1.400000000000000577e+00
9.100000000000000000e+01 7.400000000000000000e+01 1.000000000000000000e+00 4.867000000000763862e+02 2.799999999999998046e+00
9.300000000000000000e+01 1.500000000000000000e+02 1.000000000000000000e+00 2.592000000000246587e+02 6.500000000000000222e-01
6.300000000000000000e+01 1.210000000000000000e+02 1.000000000000000000e+00 1.844500000000076909e+02 5.999999999999999778e-01
1.070000000000000000e+02 6.700000000000000000e+01 1.000000000000000000e+00 4.253500000000624368e+02 4.249999999999992895e+00
1.090000000000000000e+02 6.600000000000000000e+01 1.000000000000000000e+00 1.996000000000111356e+02 1.250000000000000444e+00
2.040000000000000000e+02 7.200000000000000000e+01 1.000000000000000000e+00 1.873500000000083503e+02 3.149999999999996803e+00
9.600000000000000000e+01 2.050000000000000000e+02 1.000000000000000000e+00 2.672500000000264890e+02 3.049999999999997158e+00
1.820000000000000000e+02 6.600000000000000000e+01 1.000000000000000000e+00 5.194999999999918572e+01 1.050000000000000266e+00
1.800000000000000000e+02 1.910000000000000000e+02 1.000000000000000000e+00 4.393000000000656087e+02 1.050000000000000266e+00
1.630000000000000000e+02 4.600000000000000000e+01 1.000000000000000000e+00 2.732500000000278533e+02 1.450000000000000622e+00
4.500000000000000000e+01 8.500000000000000000e+01 1.000000000000000000e+00 8.804999999999714078e+01 3.049999999999997158e+00
7.700000000000000000e+01 1.690000000000000000e+02 1.000000000000000000e+00 3.695000000000497380e+02 1.750000000000000888e+00
1.940000000000000000e+02 4.900000000000000000e+01 1.000000000000000000e+00 3.048000000000350269e+02 1.150000000000000355e+00
1.800000000000000000e+02 1.030000000000000000e+02 1.000000000000000000e+00 2.729000000000277737e+02 3.249999999999996447e+00
9.700000000000000000e+01 1.300000000000000000e+02 1.000000000000000000e+00 8.987999999997302893e+02 3.999999999999999667e-01
2.020000000000000000e+02 1.630000000000000000e+02 1.000000000000000000e+00 5.131000000000810815e+02 1.050000000000000266e+00
1.220000000000000000e+02 9.100000000000000000e+01 1.000000000000000000e+00 3.083500000000358341e+02 4.149999999999993250e+00
1.420000000000000000e+02 1.870000000000000000e+02 1.000000000000000000e+00 2.277000000000175248e+02 8.000000000000001554e-01
9.200000000000000000e+01 1.280000000000000000e+02 1.000000000000000000e+00 4.324999999999968026e+01 3.999999999999999667e-01
8.400000000000000000e+01 9.400000000000000000e+01 1.000000000000000000e+00 3.465500000000445198e+02 5.999999999999999778e-01
1.560000000000000000e+02 6.900000000000000000e+01 1.000000000000000000e+00 2.125500000000140801e+02 6.899999999999983480e+00
5.300000000000000000e+01 9.100000000000000000e+01 1.000000000000000000e+00 1.064999999999960920e+02 2.500000000000000000e-01
1.350000000000000000e+02 2.000000000000000000e+02 1.000000000000000000e+00 1.505000000000007887e+01 1.850000000000000977e+00
1.090000000000000000e+02 4.000000000000000000e+01 1.000000000000000000e+00 2.685000000000024656e+01 5.499999999999999334e-01
1.030000000000000000e+02 6.400000000000000000e+01 1.000000000000000000e+00 1.539500000000007560e+02 7.000000000000000666e-01
1.040000000000000000e+02 6.400000000000000000e+01 1.000000000000000000e+00 1.715000000000010871e+01 5.999999999999999778e-01
1.610000000000000000e+02 4.900000000000000000e+01 1.000000000000000000e+00 1.797500000000066223e+02 9.500000000000002887e-01
1.190000000000000000e+02 4.000000000000000000e+01 1.000000000000000000e+00 6.313999999999734882e+02 1.700000000000000844e+00
1.770000000000000000e+02 4.400000000000000000e+01 1.000000000000000000e+00 2.753000000000283194e+02 1.600000000000000755e+00
1.780000000000000000e+02 6.500000000000000000e+01 1.000000000000000000e+00 3.490000000000015490e+01 1.650000000000000799e+00
8.800000000000000000e+01 5.000000000000000000e+01 1.000000000000000000e+00 6.549999999999984723e+00 1.800000000000000933e+00
1.640000000000000000e+02 1.220000000000000000e+02 1.000000000000000000e+00 2.073000000000128864e+02 1.350000000000000533e+00
1.760000000000000000e+02 1.130000000000000000e+02 1.000000000000000000e+00 4.282000000000630848e+02 6.500000000000000222e-01
3.700000000000000000e+01 1.470000000000000000e+02 1.000000000000000000e+00 5.306500000000651198e+02 1.650000000000000799e+00
9.700000000000000000e+01 1.640000000000000000e+02 1.000000000000000000e+00 3.597000000000475097e+02 1.750000000000000888e+00
1.060000000000000000e+02 9.400000000000000000e+01 1.000000000000000000e+00 1.333499999999960721e+02 2.100000000000000533e+00
1.820000000000000000e+02 9.000000000000000000e+01 1.000000000000000000e+00 4.708000000000727709e+02 7.000000000000000666e-01
1.280000000000000000e+02 1.520000000000000000e+02 1.000000000000000000e+00 3.545000000000012363e+01 8.500000000000001998e-01
8.700000000000000000e+01 1.000000000000000000e+02 1.000000000000000000e+00 2.547500000000236753e+02 2.549999999999998934e+00
1.420000000000000000e+02 7.300000000000000000e+01 1.000000000000000000e+00 1.374499999999970044e+02 1.950000000000001066e+00
1.570000000000000000e+02 8.700000000000000000e+01 1.000000000000000000e+00 3.125000000000367777e+02 4.999999999999990230e+00
5.700000000000000000e+01 1.570000000000000000e+02 1.000000000000000000e+00 1.216499999999952308e+02 8.500000000000001998e-01
5.100000000000000000e+01 1.060000000000000000e+02 1.000000000000000000e+00 3.620000000000008100e+01 1.050000000000000266e+00
7.800000000000000000e+01 1.990000000000000000e+02 1.000000000000000000e+00 2.265500000000172633e+02 3.849999999999994316e+00
1.080000000000000000e+02 1.600000000000000000e+02 1.000000000000000000e+00 2.647500000000259206e+02 1.000000000000000222e+00
1.960000000000000000e+02 1.850000000000000000e+02 1.000000000000000000e+00 7.096499999999023203e+02 1.650000000000000799e+00
1.250000000000000000e+02 1.210000000000000000e+02 1.000000000000000000e+00 1.043499999999962142e+02 2.949999999999997513e+00
1.130000000000000000e+02 1.680000000000000000e+02 1.000000000000000000e+00 2.375500000000197645e+02 1.500000000000000666e+00
1.660000000000000000e+02 5.600000000000000000e+01 1.000000000000000000e+00 3.054000000000351633e+02 3.549999999999995381e+00
4.800000000000000000e+01 1.080000000000000000e+02 1.000000000000000000e+00 2.235000000000018261e+01 1.900000000000001021e+00
1.200000000000000000e+02 1.500000000000000000e+02 1.000000000000000000e+00 3.993500000000565251e+02 2.100000000000000533e+00
7.700000000000000000e+01 7.600000000000000000e+01 1.000000000000000000e+00 2.224000000000163197e+02 1.350000000000000533e+00
1.830000000000000000e+02 1.610000000000000000e+02 1.000000000000000000e+00 3.327000000000413706e+02 1.750000000000000888e+00
1.520000000000000000e+02 6.800000000000000000e+01 1.000000000000000000e+00 2.541500000000235389e+02 1.150000000000000355e+00
5.900000000000000000e+01 1.120000000000000000e+02 1.000000000000000000e+00 8.524999999999729994e+01 8.500000000000001998e-01
1.830000000000000000e+02 6.400000000000000000e+01 1.000000000000000000e+00 6.819999999999826912e+01 8.000000000000001554e-01
1.140000000000000000e+02 2.030000000000000000e+02 1.000000000000000000e+00 1.073999999999960409e+02 4.999999999999999445e-01
8.100000000000000000e+01 1.870000000000000000e+02 1.000000000000000000e+00 1.148999999999956145e+02 2.699999999999998401e+00
6.200000000000000000e+01 1.800000000000000000e+02 1.000000000000000000e+00 5.407500000000559339e+02 1.850000000000000977e+00
8.000000000000000000e+01 1.170000000000000000e+02 1.000000000000000000e+00 2.895000000000027640e+01 2.449999999999999289e+00
9.600000000000000000e+01 4.100000000000000000e+01 1.000000000000000000e+00 1.648500000000032344e+02 7.500000000000001110e-01
1.290000000000000000e+02 8.500000000000000000e+01 1.000000000000000000e+00 5.499999999999901235e+01 1.750000000000000888e+00
1.080000000000000000e+02 1.910000000000000000e+02 1.000000000000000000e+00 3.999000000000566502e+02 2.999999999999999889e-01
1.360000000000000000e+02 2.000000000000000000e+02 1.000000000000000000e+00 2.605000000000023519e+01 6.500000000000000222e-01
1.410000000000000000e+02 1.810000000000000000e+02 1.000000000000000000e+00 1.363499999999967542e+02 1.700000000000000844e+00
1.500000000000000000e+02 6.400000000000000000e+01 1.000000000000000000e+00 8.609999999999725162e+01 2.449999999999999289e+00
1.940000000000000000e+02 1.940000000000000000e+02 1.000000000000000000e+00 9.619999999999667750e+01 3.649999999999995026e+00
1.450000000000000000e+02 9.200000000000000000e+01 1.000000000000000000e+00 1.682000000000039961e+02 1.850000000000000977e+00
1.010000000000000000e+02 1.800000000000000000e+02 1.000000000000000000e+00 3.430500000000437240e+02 1.350000000000000533e+00
3.600000000000000000e+01 9.500000000000000000e+01 1.000000000000000000e+00 2.095000000000133866e+02 2.499999999999999112e+00
1.050000000000000000e+02 6.000000000000000000e+01 1.000000000000000000e+00 8.209999999999747899e+01 1.150000000000000355e+00
1.550000000000000000e+02 2.050000000000000000e+02 1.000000000000000000e+00 1.985500000000108969e+02 3.149999999999996803e+00
1.900000000000000000e+02 1.990000000000000000e+02 1.000000000000000000e+00 5.589999999999896119e+01 1.200000000000000400e+00
1.940000000000000000e+02 1.490000000000000000e+02 1.000000000000000000e+00 5.840000000000165983e+02 3.749999999999994671e+00
4.500000000000000000e+01 3.600000000000000000e+01 1.000000000000000000e+00 5.158000000000786258e+02 2.749999999999998224e+00
1.750000000000000000e+02 1.580000000000000000e+02 1.000000000000000000e+00 2.758000000000284331e+02 2.500000000000000000e-01
5.300000000000000000e+01 6.000000000000000000e+01 1.000000000000000000e+00 1.248499999999950489e+02 5.999999999999999778e-01
2.020000000000000000e+02 1.870000000000000000e+02 1.000000000000000000e+00 1.017999999999963592e+02 5.999999999999999778e-01
1.410000000000000000e+02 1.670000000000000000e+02 1.000000000000000000e+00 3.455000000000017479e+01 1.000000000000000222e+00
7.300000000000000000e+01 8.800000000000000000e+01 1.000000000000000000e+00 2.051500000000123975e+02 1.200000000000000400e+00
1.790000000000000000e+02 4.500000000000000000e+01 1.000000000000000000e+00 7.688499999998484782e+02 8.500000000000001998e-01
9.400000000000000000e+01 1.730000000000000000e+02 1.000000000000000000e+00 4.101500000000589807e+02 1.600000000000000755e+00
1.180000000000000000e+02 1.330000000000000000e+02 1.000000000000000000e+00 4.945000000000781597e+02 3.799999999999994493e+00
7.300000000000000000e+01 1.650000000000000000e+02 1.000000000000000000e+00 4.821000000000753403e+02 1.500000000000000666e+00
1.210000000000000000e+02 7.900000000000000000e+01 1.000000000000000000e+00 4.464999999999960067e+01 1.050000000000000266e+00
1.990000000000000000e+02 6.800000000000000000e+01 1.000000000000000000e+00 2.121000000000139778e+02 2.849999999999997868e+00
1.760000000000000000e+02 6.800000000000000000e+01 1.000000000000000000e+00 5.815000000000188720e+02 2.699999999999998401e+00
1.100000000000000000e+02 1.430000000000000000e+02 1.000000000000000000e+00 1.085499999999959755e+02 1.500000000000000666e+00
3.600000000000000000e+01 1.610000000000000000e+02 1.000000000000000000e+00 2.739500000000280124e+02 1.700000000000000844e+00
1.740000000000000000e+02 9.700000000000000000e+01 1.000000000000000000e+00 4.994000000000792738e+02 7.500000000000001110e-01
9.900000000000000000e+01 1.220000000000000000e+02 1.000000000000000000e+00 1.293499999999951626e+02 1.950000000000001066e+00
6.700000000000000000e+01 1.240000000000000000e+02 1.000000000000000000e+00 5.299999999999989164e+00 4.649999999999991473e+00
1.280000000000000000e+02 7.600000000000000000e+01 1.000000000000000000e+00 5.849999999999987210e+00 3.049999999999997158e+00
